test_cases/Oregon_test_case/Oregon_large_test/terrain/background_srtm_data/delta_his_pre_HPATtest_1980_1.asc
ncols 240
nrows 239
xllcorner -123.0000000000000
yllcorner 43.0000000000000
cellsize 0.0083333333333
NODATA_value -9999
[rows 0 to 42 of 239, columns 96 to 191 of 240]
533 534 518 548 559 539 531 500 524 501 490 481 481 481 471 460 450 466 472 474 485 502 523 544 554 554 534 524 548 538 534 524 514 501 479 462 442 436 444 460 458 461 460 458 478 477 477 478 473 466 464 459 455 448 452 453 446 445 432 452 424 402 396 374 374 372 358 347 339 333 343 357 339 338 364 339 325 308 292 284 281 276 270 264 257 252 247 243 238 236 233 230 225 220 218 220
534 510 502 508 527 516 489 486 483 481 474 474 465 465 464 466 463 460 472 480 484 502 528 548 528 535 549 537 539 536 526 528 510 489 476 460 446 435 435 448 452 452 451 449 476 471 469 475 472 465 460 456 454 453 450 450 453 451 450 453 416 414 403 406 385 384 365 348 334 328 323 317 313 312 329 322 310 297 289 285 285 282 269 261 255 250 247 244 239 236 227 226 221 217 207 209
530 513 495 486 492 483 477 475 474 469 465 469 472 472 475 474 462 456 465 470 473 490 520 507 498 520 550 533 529 512 510 505 503 485 487 480 437 436 434 433 437 439 439 445 467 471 468 469 476 466 475 460 458 456 458 472 458 450 446 442 449 441 415 420 409 400 384 373 349 333 319 313 309 306 307 302 308 302 294 286 284 278 262 257 254 247 242 238 234 231 226 223 218 215 210 207
515 502 489 475 475 472 471 466 465 465 468 471 472 481 494 474 466 462 461 463 470 482 474 481 488 510 546 542 540 511 496 497 488 486 483 460 439 439 435 433 435 438 444 460 464 464 467 464 468 471 474 473 470 475 473 469 461 450 450 452 460 464 441 423 406 389 370 354 345 341 330 317 308 315 319 310 300 294 293 281 275 265 259 256 251 246 252 240 230 224 222 221 217 211 204 204
497 480 475 468 472 477 474 471 471 478 485 503 510 502 495 481 473 471 465 461 466 471 477 482 494 525 540 554 537 520 507 493 481 478 459 453 437 434 437 435 435 437 443 449 462 461 466 472 478 473 482 483 486 495 480 468 464 472 475 458 459 453 444 429 413 386 372 352 344 338 319 313 312 308 310 304 296 288 280 277 269 263 258 254 249 244 239 234 228 223 216 218 215 210 205 202
474 480 478 471 485 494 479 481 500 502 512 514 510 500 491 491 482 483 473 462 463 468 471 476 482 503 506 541 536 515 506 499 490 480 468 443 437 433 442 437 434 436 442 443 470 471 477 498 502 497 491 497 501 505 489 477 468 484 493 481 466 450 442 433 421 389 371 351 343 336 325 314 308 305 302 298 292 284 278 271 267 260 257 253 246 240 235 230 225 220 217 214 211 208 203 199
483 490 480 469 492 501 486 482 502 512 523 522 510 499 496 500 487 482 467 469 461 464 474 482 487 493 502 542 528 520 510 503 492 470 461 443 433 435 447 438 438 444 446 452 464 470 489 509 522 510 496 495 506 501 486 479 469 473 479 464 453 440 434 427 410 391 371 350 334 327 319 315 310 306 302 299 291 283 282 272 266 261 255 249 244 237 233 229 225 220 215 212 207 203 199 197
479 487 472 469 481 498 495 479 498 499 516 531 530 514 524 505 476 471 474 480 465 460 463 472 484 490 508 528 525 513 502 493 494 476 456 438 432 434 446 441 449 458 463 468 471 475 475 497 516 503 487 488 487 493 483 470 463 456 460 445 450 450 423 397 379 364 352 343 338 327 320 316 311 307 299 291 295 292 305 298 292 261 254 246 240 235 230 227 222 217 214 209 204 201 198 195
481 499 483 469 477 500 504 499 485 492 514 532 526 529 502 481 477 478 505 508 489 467 456 465 467 477 488 506 518 507 505 498 495 482 460 438 431 429 446 452 465 482 490 496 490 485 477 483 480 476 473 477 477 470 468 465 457 455 462 455 446 426 417 417 414 389 369 351 337 330 322 315 307 301 295 287 288 292 292 306 283 258 250 244 237 233 228 223 220 215 210 207 202 199 196 189
495 497 477 470 476 489 512 507 496 488 508 539 523 509 481 474 501 500 526 512 483 465 457 459 465 482 499 503 515 506 503 498 488 477 465 440 431 430 439 457 480 499 510 511 495 495 484 479 476 467 467 467 465 461 465 459 454 458 467 475 455 440 431 432 412 382 366 349 341 331 323 316 306 300 297 296 290 286 285 285 275 269 251 240 235 230 224 221 216 211 208 203 200 196 193 187
499 496 491 474 476 488 492 520 506 486 507 536 521 498 488 520 510 539 538 529 509 481 462 452 464 493 497 509 517 516 500 494 484 477 468 442 429 427 436 452 487 510 521 512 509 492 482 471 467 463 463 465 462 460 454 458 462 467 474 469 468 458 438 427 386 377 370 350 337 326 317 313 309 301 295 292 289 285 275 277 273 280 255 242 233 226 221 217 213 209 204 201 196 192 189 186
505 502 490 479 470 478 479 499 520 506 493 535 527 509 509 533 532 537 528 522 514 492 453 451 454 462 466 487 505 516 503 491 474 471 458 442 442 425 426 447 481 502 524 513 504 492 481 467 459 462 463 466 462 457 455 456 455 457 455 463 432 453 396 392 385 391 363 347 333 324 318 320 321 305 294 286 280 274 273 268 261 266 260 258 230 224 219 214 211 206 201 197 193 190 187 180
502 496 489 469 478 492 483 476 512 530 502 519 531 526 524 512 500 483 495 488 473 454 453 448 456 453 468 486 506 516 502 486 474 471 470 469 453 426 424 424 451 469 478 465 482 468 465 460 455 465 460 462 470 470 466 467 463 445 438 414 413 401 395 391 410 398 360 346 339 330 317 324 317 303 292 286 280 273 267 263 258 252 259 254 236 223 218 214 209 206 199 196 191 186 183 180
507 481 472 479 490 512 507 477 492 523 508 514 496 534 529 515 503 486 465 456 455 461 476 472 478 449 464 473 476 511 508 475 480 485 469 468 452 436 433 425 432 441 442 451 454 459 463 463 468 463 461 462 471 483 481 474 459 433 418 441 458 464 445 426 410 387 357 353 347 337 326 322 311 299 294 285 279 273 266 262 254 248 242 237 232 224 218 213 208 203 199 194 189 184 182 178
488 472 503 495 489 510 505 501 505 526 505 496 490 485 479 507 508 484 457 452 466 475 478 493 474 452 462 469 488 519 506 476 477 497 481 464 449 423 429 432 435 450 430 441 439 442 445 460 457 460 460 459 470 488 489 461 442 426 456 467 474 462 451 429 413 396 382 362 358 341 335 327 313 301 295 284 278 272 264 258 250 244 239 235 230 222 215 211 206 201 196 192 188 183 179 175
503 492 484 480 481 489 500 512 515 510 512 512 507 501 484 476 498 471 454 467 484 499 501 485 454 453 461 479 508 514 509 508 495 491 475 452 438 424 428 429 434 444 443 443 457 453 435 433 447 459 465 456 473 486 478 463 452 475 465 455 451 452 438 422 407 383 378 353 333 332 331 328 322 310 301 286 279 268 265 257 248 241 235 231 224 218 213 208 204 199 194 191 186 181 180 175
460 459 461 457 459 480 504 501 507 499 490 486 499 503 473 461 454 451 453 460 484 483 485 475 451 451 465 477 495 514 513 500 487 470 462 440 427 428 431 432 431 454 451 440 443 460 454 441 445 454 465 458 458 480 485 476 469 462 459 445 451 446 431 419 407 411 338 331 372 366 356 335 320 309 308 294 283 269 266 253 245 239 233 227 220 216 211 206 200 195 192 189 184 181 178 173
463 481 480 487 466 462 499 507 482 473 466 465 464 456 459 458 450 453 474 460 463 472 484 466 458 448 457 477 492 511 502 487 468 454 437 430 429 429 433 439 439 464 464 454 453 452 466 458 446 455 457 460 461 467 472 472 463 458 456 451 450 443 428 404 355 358 334 329 377 375 350 333 324 311 304 295 284 265 257 249 243 234 229 224 220 213 207 204 199 195 190 187 183 180 175 172
456 471 513 496 470 466 503 505 483 486 493 488 495 497 492 470 466 476 473 462 448 469 479 473 465 455 451 457 478 492 493 479 466 437 439 450 434 428 431 434 451 472 480 466 457 454 465 469 460 458 467 477 488 467 471 464 456 449 452 420 403 368 365 349 342 336 332 395 383 364 347 337 324 315 305 292 285 267 260 247 239 233 228 222 217 214 208 203 197 192 189 186 183 178 173 172
452 466 492 504 483 472 496 513 497 501 483 485 476 466 473 467 473 462 456 450 442 462 471 477 462 462 448 453 459 480 490 479 451 439 445 451 447 431 434 441 456 469 480 483 474 470 462 466 469 469 490 498 505 494 479 461 439 426 400 387 377 376 355 370 390 414 407 385 369 357 348 331 317 310 300 290 281 271 262 251 243 239 228 222 217 212 206 201 197 192 189 184 181 178 173 170
457 475 461 493 504 486 485 491 473 468 470 475 470 470 479 485 476 445 440 439 441 451 464 482 486 477 480 475 473 489 493 472 453 443 454 459 466 433 426 428 459 471 474 483 479 480 479 474 473 475 483 504 508 500 470 452 435 411 398 389 384 408 424 427 421 408 392 380 361 348 334 320 307 301 290 286 281 277 263 250 239 233 227 223 215 210 205 201 194 191 187 184 179 176 172 168
450 487 495 472 489 506 496 487 473 470 459 483 458 463 483 475 447 439 440 450 450 448 455 481 462 457 456 444 472 458 466 484 476 476 475 479 476 446 423 423 447 471 473 479 485 483 488 480 474 468 478 490 494 485 464 447 420 408 401 430 440 443 439 427 416 404 387 372 351 331 330 310 299 289 283 277 273 263 270 256 244 231 223 217 212 206 203 199 192 189 186 181 178 174 169 166
468 461 478 495 490 498 478 468 461 448 455 460 441 462 468 449 437 438 441 455 443 440 451 454 440 428 433 433 435 448 456 454 493 455 434 479 424 410 404 415 427 446 480 483 486 487 485 481 473 465 463 466 453 459 444 432 415 416 423 429 433 427 431 423 411 392 378 368 355 343 318 307 300 291 285 281 275 272 263 255 245 234 223 216 210 207 201 200 197 194 189 183 178 173 168 162
473 490 490 498 505 496 483 481 485 479 487 475 441 440 443 436 441 435 434 441 435 430 433 438 430 424 423 422 431 429 431 417 415 411 407 403 401 399 394 393 392 425 442 470 484 491 485 479 475 464 460 459 452 441 437 433 425 421 410 398 388 387 384 380 373 375 371 370 349 334 320 310 301 293 291 283 274 270 266 253 245 235 224 219 213 207 202 199 195 192 188 184 177 171 166 163
490 493 461 474 458 491 479 466 455 469 486 476 454 435 437 436 437 433 431 430 432 427 426 426 423 421 420 417 416 416 410 409 406 404 420 427 448 447 477 433 407 388 415 444 466 496 488 485 473 465 461 463 460 458 448 444 425 428 416 405 415 428 426 420 417 393 376 358 343 327 321 306 316 305 292 282 277 266 260 251 245 232 226 219 211 208 203 197 192 189 175 182 158 171 161 160
474 472 463 440 448 470 483 471 463 474 435 440 445 435 438 440 435 438 429 433 428 426 425 424 422 418 418 415 413 411 410 416 446 452 478 463 451 463 473 475 461 439 388 407 444 459 485 484 478 472 473 473 466 461 453 449 442 442 441 439 437 444 437 436 409 399 378 356 369 354 334 314 305 304 302 290 274 267 256 249 241 233 226 218 212 206 203 197 192 189 186 178 175 170 166 161
437 437 438 436 441 441 453 448 445 456 438 435 438 440 442 439 430 430 428 428 436 427 421 420 418 417 415 413 412 408 406 403 409 422 435 449 461 470 476 479 483 470 464 417 444 463 466 469 469 479 471 471 466 461 458 449 441 431 415 439 445 433 422 413 393 386 376 370 379 345 317 307 298 283 282 284 280 266 257 248 240 231 223 219 211 204 201 196 192 190 186 181 176 172 167 151
439 435 436 439 437 434 435 433 433 432 441 439 434 437 431 429 427 426 430 431 442 431 425 418 419 416 413 411 409 411 429 455 400 400 406 427 458 471 470 476 483 476 461 447 432 450 474 477 468 473 472 473 468 463 452 448 435 424 413 400 396 388 382 380 395 369 373 332 326 303 290 280 274 267 275 258 282 267 256 247 222 234 223 212 211 200 197 196 191 191 185 181 176 170 157 146
456 447 449 434 437 438 431 437 439 445 430 429 428 430 427 426 425 429 431 439 444 437 443 434 435 420 417 412 409 409 406 427 443 425 393 391 398 434 463 474 480 482 472 466 460 449 481 478 481 482 472 470 456 437 422 379 429 423 378 350 344 338 354 347 332 316 316 303 299 296 286 315 311 303 298 289 272 265 257 247 239 228 224 215 210 207 201 197 194 189 183 180 177 169 160 154
454 452 437 434 431 440 442 439 432 428 426 429 431 423 428 444 438 432 434 440 456 446 446 454 468 445 428 446 417 415 418 403 409 449 444 388 387 397 406 446 457 474 480 475 482 447 466 478 487 481 470 462 426 390 404 375 392 361 356 347 363 346 331 323 317 312 311 316 298 340 375 356 316 298 289 279 273 267 252 244 237 231 223 216 210 205 199 195 195 189 183 178 174 167 158 153
433 429 428 434 429 437 440 426 425 429 433 437 426 433 440 439 429 424 428 440 445 426 442 450 456 469 468 456 425 459 444 448 395 411 441 426 400 386 384 383 409 438 461 480 481 474 480 480 482 469 454 419 416 442 452 442 430 417 410 379 394 404 380 366 389 373 356 336 332 339 346 324 299 286 279 271 270 263 257 242 236 230 223 217 212 203 199 194 191 185 181 176 170 162 146 139
429 430 433 425 430 433 429 439 425 421 423 426 419 422 431 422 420 416 417 431 425 419 423 427 438 439 466 458 452 461 474 442 409 423 414 444 442 407 416 399 382 422 442 464 475 479 482 485 481 472 463 461 459 466 458 451 439 428 407 398 429 418 399 384 380 349 353 354 334 317 307 298 292 282 275 268 257 264 247 240 234 228 221 213 209 201 197 192 188 183 179 174 167 159 153 148
425 430 422 424 428 424 436 438 432 426 418 417 418 415 415 415 414 412 411 413 412 413 416 418 419 417 421 426 455 468 462 441 460 467 444 462 461 452 451 460 434 398 403 416 457 470 476 477 476 477 473 458 469 464 455 448 440 432 424 437 429 415 393 392 302 283 276 273 277 267 250 246 253 261 271 264 259 254 246 238 232 226 222 211 203 186 180 181 183 178 174 171 166 159 156 146
427 411 417 423 430 434 431 419 428 436 441 432 418 420 418 415 412 411 408 408 409 412 414 413 415 415 413 413 413 431 432 462 438 428 430 433 437 452 463 458 455 451 447 459 471 467 467 467 464 461 449 407 430 417 423 406 413 413 419 407 387 315 314 297 296 280 314 319 303 310 297 293 272 246 233 260 254 250 247 238 228 222 216 209 201 191 175 165 160 156 159 170 164 160 147 147
415 411 428 429 429 420 414 413 412 414 431 433 432 433 434 416 408 405 408 403 404 405 408 410 412 407 409 405 403 402 402 411 418 383 431 388 419 439 406 429 422 461 451 444 464 465 465 463 469 459 450 429 401 403 388 352 343 343 337 323 321 317 309 344 375 358 342 329 320 307 291 281 271 267 260 220 249 244 240 227 223 220 213 208 191 182 175 167 160 151 146 142 142 142 133 128
410 423 415 412 415 410 419 413 409 411 423 413 412 410 431 424 419 422 416 409 398 397 402 395 393 397 389 386 392 393 389 378 377 373 372 373 370 370 372 381 389 402 416 451 457 467 476 477 479 477 464 459 457 441 429 409 404 378 364 349 349 337 393 401 391 370 348 329 304 306 302 272 261 260 253 217 225 239 232 221 220 208 201 197 193 188 178 173 170 166 158 151 148 140 137 134
419 413 409 416 416 417 413 408 410 404 404 404 403 402 405 408 408 415 417 411 409 402 403 397 398 393 388 388 382 385 377 374 378 392 404 416 405 390 388 388 414 411 434 450 464 473 480 486 486 482 472 466 455 449 441 430 417 394 376 396 420 414 406 402 391 376 348 323 312 294 289 281 274 253 247 230 202 232 222 222 220 214 204 195 184 180 182 178 175 169 156 150 146 141 134 126
415 414 413 408 411 408 404 403 401 402 401 405 404 402 399 397 395 395 403 397 399 390 390 391 385 383 384 383 380 376 373 374 374 388 418 428 426 427 433 436 438 442 453 459 463 478 485 492 491 484 477 458 452 441 433 426 416 414 417 418 420 414 394 387 378 367 350 326 297 286 276 263 262 249 212 206 200 190 187 220 219 215 205 197 187 176 174 174 155 161 151 145 138 135 135 127
410 404 411 412 414 410 408 405 398 402 398 397 403 411 398 399 396 392 390 388 389 386 385 383 388 390 377 381 376 373 371 367 366 374 402 408 369 370 395 398 405 422 446 459 459 467 475 488 488 479 471 458 448 439 428 418 411 406 413 424 421 410 399 394 382 361 314 307 284 282 273 245 214 219 196 192 187 183 181 176 212 207 201 197 193 185 176 169 161 155 154 144 138 141 136 132
399 398 397 397 397 404 412 410 408 398 392 393 396 405 404 401 396 391 387 384 383 387 399 413 426 441 413 376 371 370 367 364 361 364 362 360 358 358 364 369 372 391 420 437 448 458 470 470 473 466 457 446 441 435 426 407 395 383 378 418 423 417 409 394 374 324 302 281 265 243 253 223 206 199 198 201 216 225 188 173 173 177 196 192 186 179 174 170 166 160 152 148 142 138 135 130
398 411 399 408 412 391 391 407 405 391 389 388 388 387 386 386 385 392 393 390 384 391 416 435 428 434 432 395 368 365 362 361 358 354 353 355 354 375 374 408 412 376 368 426 442 452 459 460 459 454 448 442 433 429 411 388 374 358 351 377 414 424 409 397 342 306 283 271 261 232 213 205 207 207 209 241 284 275 233 197 173 164 168 190 182 180 174 168 164 158 150 148 145 136 134 125
392 390 407 419 406 388 389 400 398 402 397 390 387 385 382 380 389 402 420 412 392 383 409 407 407 401 401 419 386 360 361 356 356 369 422 399 373 357 368 428 437 438 413 397 435 443 446 452 451 443 437 428 419 399 403 385 375 354 331 329 390 409 392 370 331 296 273 263 236 217 208 211 213 224 238 266 262 254 232 193 174 164 158 158 179 176 172 166 162 156 150 147 143 139 134 128
396 400 402 419 394 383 386 388 390 391 393 386 379 378 380 383 386 406 436 428 400 387 433 427 411 396 392 389 388 359 355 352 351 369 416 433 421 401 386 382 414 431 434 399 425 435 437 438 440 434 423 409 404 396 391 389 371 350 320 300 298 386 376 346 310 283 272 261 244 227 205 200 208 222 248 295 281 249 230 208 176 166 162 152 151 151 165 160 155 149 147 146 141 137 132 130
