test_cases/Oregon_test_case/Oregon_large_test/terrain/background_srtm_data/delta_his_pre_HPATtest_1980_1.asc
ncols 240
nrows 239
xllcorner -123.0000000000000
yllcorner 43.0000000000000
cellsize 0.0083333333333
NODATA_value -9999
[rows 129 to 171 of 239, columns 0 to 95 of 240]
182 181 181 182 182 184 182 186 196 202 205 200 197 197 187 184 178 183 190 185 172 172 173 171 170 170 169 169 167 168 174 173 217 225 227 202 194 180 181 186 197 202 212 217 219 218 211 220 228 235 233 238 237 233 234 241 247 256 259 257 240 230 222 221 212 218 223 222 230 221 212 205 197 195 192 179 183 185 186 183 181 180 179 176 175 175 177 177 175 175 178 181 186 188 197 187
182 181 190 182 182 185 182 185 192 215 246 227 210 200 200 186 186 186 183 182 175 172 173 186 198 186 179 184 199 215 201 173 174 200 213 212 198 194 203 195 188 198 193 185 190 193 192 207 210 198 210 216 220 225 233 242 250 261 269 260 243 236 234 233 227 228 232 225 220 211 212 204 194 183 183 190 188 185 183 181 179 177 177 178 176 178 177 174 170 171 171 175 176 179 183 188
181 191 203 192 192 186 185 187 194 219 252 255 257 227 207 194 200 186 179 172 171 171 171 181 208 211 198 203 245 240 209 182 173 173 173 184 192 201 218 223 227 192 207 200 204 198 197 191 214 227 218 210 218 226 236 247 257 266 272 268 256 249 248 239 228 224 218 218 214 203 194 187 178 177 190 188 185 179 170 170 171 169 166 163 170 169 165 168 165 165 165 168 162 167 171 170
209 209 211 213 197 194 192 189 194 204 235 265 256 241 221 203 201 195 186 178 173 174 171 190 212 233 224 217 234 214 191 190 181 192 175 173 179 186 195 210 232 228 229 230 221 209 204 195 206 226 230 227 227 226 235 242 248 253 257 262 260 256 249 234 225 215 207 202 191 199 192 190 181 165 174 173 166 165 164 166 173 173 165 159 161 160 158 156 156 159 158 158 155 158 162 160
199 221 232 235 232 221 209 205 204 204 219 263 260 237 225 225 192 191 181 191 181 175 171 189 207 228 244 236 221 211 221 209 207 208 183 173 176 174 173 185 191 202 209 234 240 236 226 207 199 214 237 229 218 230 239 241 236 236 242 249 254 256 250 242 230 220 212 200 192 181 178 181 173 168 167 167 169 166 167 171 175 174 170 168 166 164 164 161 155 157 154 155 154 154 154 153
213 226 243 250 246 226 234 228 227 227 230 249 271 263 239 216 200 199 218 209 193 178 172 175 199 207 222 242 240 231 234 237 217 200 190 182 185 171 170 177 182 191 210 228 236 203 196 223 210 198 208 217 223 235 241 232 229 225 234 244 252 257 245 233 223 215 204 193 187 182 177 161 167 179 184 170 176 182 174 177 182 179 178 176 175 172 169 169 167 163 161 165 159 154 154 152
220 245 247 263 255 252 260 250 248 265 244 258 281 259 238 244 224 226 229 205 191 181 174 171 188 192 195 232 250 254 246 230 213 213 215 198 191 185 168 170 172 184 201 213 213 204 189 194 208 228 203 207 224 211 221 218 212 222 229 239 252 262 249 221 216 210 202 189 184 178 163 170 186 186 184 182 187 184 185 185 196 191 194 184 184 184 183 186 179 172 179 184 174 167 160 159
237 234 235 235 237 256 262 260 267 273 280 281 274 265 267 266 261 228 213 204 195 187 184 172 176 191 199 213 229 241 259 242 245 244 232 224 212 203 206 181 170 170 170 170 168 183 179 208 220 211 220 217 204 205 208 212 211 216 223 233 238 244 246 238 230 217 205 194 184 175 162 175 187 184 183 183 187 186 187 187 205 205 201 189 196 195 190 194 189 187 186 189 187 174 169 175
206 217 210 219 261 262 270 267 272 275 282 287 294 292 275 260 252 235 220 213 219 198 186 191 184 179 185 193 210 238 266 252 245 227 225 200 215 215 200 185 182 175 179 177 165 166 182 192 197 201 215 220 232 221 220 226 238 229 227 223 220 226 235 233 228 217 209 201 193 186 170 160 185 183 181 180 180 181 185 191 195 216 205 199 200 189 193 183 182 186 190 195 192 183 181 191
184 186 209 225 241 247 264 261 263 262 270 278 291 292 277 262 252 244 228 232 216 197 193 197 196 196 202 189 210 248 248 250 247 231 214 197 217 203 192 194 205 196 185 189 178 165 180 180 197 204 209 221 236 238 249 238 249 247 241 243 235 229 228 223 222 218 212 201 188 177 167 155 163 181 179 178 179 181 184 187 193 207 205 201 198 178 177 185 186 183 187 187 196 188 187 198
185 193 194 211 221 234 255 253 259 258 244 259 272 277 264 267 255 255 252 238 215 214 214 222 217 206 207 185 196 220 249 247 239 234 246 232 210 208 204 216 217 215 198 193 182 165 164 179 196 202 202 228 238 242 233 227 234 234 230 231 235 222 215 208 214 205 206 200 192 182 170 153 180 178 177 177 178 182 188 190 197 185 189 186 180 172 180 191 192 192 195 196 198 199 190 183
190 204 211 211 227 234 248 258 264 248 219 220 248 248 246 263 268 266 250 248 243 234 253 243 231 214 216 199 204 220 251 256 247 258 250 238 244 221 219 220 235 218 215 201 190 180 179 162 166 194 188 215 228 233 225 212 212 215 216 231 235 216 210 200 198 197 191 192 182 173 164 151 177 177 175 175 177 179 182 182 175 174 171 167 165 171 184 185 184 173 173 190 189 201 191 179
202 209 221 228 233 244 235 233 231 220 205 221 224 234 242 258 252 262 259 264 254 256 248 238 233 241 241 232 214 205 214 232 257 254 258 261 255 233 237 249 239 240 229 210 196 190 180 173 178 168 167 160 164 195 217 191 195 204 209 222 220 214 208 208 192 178 184 174 161 147 156 159 174 175 174 174 177 178 175 171 170 169 163 163 165 169 165 167 165 166 168 169 181 193 191 189
181 187 191 204 217 219 208 211 219 200 193 206 222 238 243 253 240 237 251 265 261 249 248 242 254 255 254 243 227 204 246 274 262 261 272 275 252 260 266 278 271 252 231 217 201 197 192 185 191 182 175 171 161 172 178 183 204 203 209 217 221 204 190 202 191 170 163 147 159 178 177 177 176 176 175 179 181 184 172 163 166 165 155 156 160 161 157 159 158 160 159 161 165 166 173 164
176 175 174 181 205 222 193 188 201 179 191 215 228 253 256 252 229 215 246 255 263 259 258 270 270 269 261 247 242 258 262 278 279 283 287 286 275 288 283 285 274 252 241 216 210 207 200 204 230 208 199 192 174 164 167 173 184 177 197 207 216 201 185 175 176 148 147 179 177 177 176 176 177 176 183 183 173 178 173 160 152 145 149 145 148 145 150 153 154 159 155 157 157 157 157 156
175 177 173 172 172 175 173 171 183 179 190 222 248 247 227 200 195 212 239 245 253 259 257 268 280 278 271 267 270 268 283 282 305 293 262 266 295 284 270 269 279 268 255 232 226 223 216 219 244 230 220 199 184 176 170 154 162 180 189 181 197 195 190 169 147 172 179 177 177 180 184 183 182 186 195 174 166 165 158 151 144 158 163 152 153 152 151 145 146 143 149 149 150 150 150 152
175 181 192 180 172 172 175 171 169 170 188 194 221 201 193 189 187 203 216 248 243 237 243 255 282 284 279 279 287 284 276 261 272 263 246 269 285 275 275 253 244 260 258 242 240 253 246 232 248 237 228 208 201 198 175 179 152 158 166 180 189 180 161 149 181 178 178 170 176 190 191 194 191 191 181 162 153 146 151 155 156 165 167 173 164 159 159 154 148 145 147 146 144 150 153 156
175 176 188 186 188 183 189 172 173 170 171 171 184 175 185 207 210 208 212 219 224 235 241 273 279 280 271 273 284 283 276 257 238 240 235 232 247 263 263 239 237 251 256 267 264 274 271 264 252 243 231 219 214 208 189 181 155 174 185 181 179 148 179 178 177 176 172 165 172 177 183 185 182 178 163 147 143 159 161 163 163 164 164 169 168 163 162 156 156 151 151 153 144 148 152 159
175 174 179 186 192 199 208 194 187 177 170 171 182 196 187 212 219 224 219 229 236 237 241 257 262 265 263 278 283 280 271 262 246 227 223 232 248 252 244 236 225 246 255 276 280 280 267 262 251 229 213 195 192 187 172 161 153 184 183 184 148 159 164 157 154 175 159 161 161 168 173 170 165 159 147 142 164 170 167 172 174 170 172 176 180 169 168 166 160 155 156 156 147 146 152 155
176 174 190 193 182 194 197 206 190 189 181 171 172 202 208 209 198 187 198 202 208 219 232 246 238 256 256 264 268 287 286 272 260 244 227 224 232 239 238 216 230 240 243 271 252 258 265 263 246 228 226 218 200 175 196 172 152 160 159 148 156 152 149 156 159 152 155 153 148 150 150 141 142 152 153 157 166 174 177 181 186 183 185 192 196 184 197 176 171 158 155 170 146 147 153 154
182 174 174 179 182 185 186 206 204 197 187 176 173 172 173 212 227 221 223 215 217 229 242 245 248 258 270 282 270 271 270 267 251 240 226 211 212 236 242 215 224 233 237 238 240 246 261 259 253 238 234 222 192 175 200 186 154 152 151 148 148 145 144 144 142 141 140 140 140 155 156 172 172 171 167 171 172 177 179 181 181 176 176 177 183 176 181 187 190 174 159 177 159 149 150 153
190 178 177 196 200 198 198 204 216 209 197 189 179 177 173 173 176 209 217 227 232 244 261 267 265 270 262 259 255 244 251 258 257 243 227 209 209 222 216 196 207 205 222 231 224 243 246 248 253 239 215 210 198 195 207 197 182 170 161 148 156 155 144 142 142 142 141 149 150 152 161 172 163 153 164 182 179 177 174 168 169 166 168 167 167 169 176 197 196 173 173 161 162 151 149 151
188 180 176 181 184 186 193 199 204 217 208 194 192 192 192 182 174 181 207 216 226 247 270 268 271 268 261 251 243 230 221 238 244 238 211 201 199 197 206 203 220 213 207 217 215 225 234 240 251 240 235 231 218 222 208 215 225 190 162 182 193 168 177 174 176 142 147 141 141 143 150 150 147 146 145 145 151 159 164 161 162 154 156 160 161 165 166 170 188 184 190 165 167 155 154 148
187 191 178 184 201 204 211 215 214 224 213 205 217 209 217 193 176 201 241 252 248 244 242 247 244 254 262 249 231 224 214 224 230 219 201 214 230 219 211 234 221 234 223 213 223 227 240 242 248 245 261 239 223 223 230 222 210 176 187 204 200 201 190 190 189 182 165 142 137 150 167 178 169 172 164 162 159 161 148 146 149 147 151 154 157 156 157 163 170 187 192 180 175 190 176 161
208 195 179 187 204 205 217 237 237 237 231 229 229 223 212 195 178 178 219 244 240 236 220 215 220 228 249 228 221 215 202 202 198 201 203 200 229 237 232 223 238 245 249 234 225 228 235 241 247 252 260 263 242 240 227 214 200 186 197 204 210 207 192 204 194 175 172 156 138 136 156 164 161 169 175 179 179 162 161 155 150 143 147 141 149 146 153 154 157 170 189 186 179 196 188 183
197 199 179 184 198 206 214 243 262 263 254 255 244 225 215 211 203 177 189 208 203 198 180 180 180 181 182 183 183 184 184 201 210 233 227 224 216 235 241 243 237 247 251 242 232 238 236 238 246 249 251 261 255 243 241 231 209 221 215 210 207 202 193 193 197 183 173 163 146 144 142 148 144 147 157 165 179 192 179 169 160 153 157 156 145 142 143 149 150 157 163 174 191 196 196 189
206 201 207 180 189 205 216 230 241 252 260 267 249 235 224 219 224 186 179 179 180 180 188 209 193 194 188 183 184 197 220 223 243 254 256 247 232 230 222 244 251 248 248 241 236 238 244 248 242 247 252 261 254 244 237 232 224 210 210 196 189 188 194 175 175 177 172 167 142 143 156 165 155 158 144 156 165 177 189 191 175 170 162 159 154 148 142 139 143 147 151 159 174 185 177 172
226 220 220 210 190 197 212 216 217 216 229 253 244 231 224 216 197 207 211 188 208 222 225 224 213 221 219 215 194 186 218 241 232 263 254 256 256 250 243 232 239 244 252 246 249 241 243 250 257 255 255 260 253 235 227 216 211 196 194 186 185 176 175 161 172 163 147 146 142 140 154 167 166 154 144 149 158 169 174 183 171 166 165 162 159 155 149 144 139 141 143 146 153 151 156 156
245 233 223 209 207 184 192 197 205 229 245 259 257 247 257 240 237 230 210 192 193 217 233 231 240 243 233 240 214 189 205 210 210 226 225 235 253 255 257 243 242 246 250 256 253 247 256 256 252 260 260 261 255 238 230 223 213 214 211 214 203 187 171 175 171 165 163 162 145 141 151 162 166 168 163 148 142 160 166 159 162 161 162 162 163 159 156 150 147 145 141 141 141 146 153 167
251 239 235 226 224 218 189 207 220 228 236 254 274 265 264 258 244 226 214 209 184 185 196 199 221 243 242 241 209 212 220 207 194 210 200 215 229 230 249 251 255 257 256 261 265 257 263 265 273 276 264 269 262 254 243 234 231 239 226 217 207 198 191 178 174 175 169 153 145 141 156 164 174 172 162 151 143 151 150 157 156 156 160 161 170 172 164 157 152 147 147 140 140 143 146 161
257 252 240 240 212 204 190 189 205 215 231 229 226 227 237 263 249 243 235 217 208 204 196 191 209 224 242 231 226 232 239 232 227 230 226 218 209 210 226 244 253 269 260 259 278 268 263 263 257 263 274 266 253 240 244 225 221 230 218 207 206 199 191 188 182 170 166 147 144 148 156 160 161 169 169 165 167 162 159 150 145 156 163 164 167 167 169 175 172 168 153 143 142 142 143 151
260 245 233 221 226 221 206 209 190 205 207 209 222 235 245 262 261 264 257 235 225 219 213 189 195 213 235 245 245 251 261 252 249 252 244 234 221 223 210 238 250 239 241 257 264 250 245 249 264 271 255 250 254 233 227 210 207 209 210 190 185 179 162 172 166 169 148 165 151 153 163 164 168 170 176 179 171 170 163 155 154 146 155 161 161 161 171 181 199 181 167 150 144 141 144 148
264 255 247 250 245 223 245 227 207 197 202 208 217 238 249 260 271 267 260 244 240 238 221 211 191 212 248 248 251 252 273 276 271 260 248 244 237 226 219 215 217 226 240 245 255 238 253 258 237 242 240 252 265 244 230 222 219 212 199 187 178 178 181 168 170 177 175 157 145 158 171 179 182 186 190 203 186 181 172 162 165 155 150 155 157 156 163 164 175 184 175 160 151 145 147 145
269 270 266 254 244 247 240 219 229 209 200 202 215 221 229 240 262 271 264 257 249 239 237 229 216 201 218 216 233 250 272 281 278 272 265 254 251 249 248 231 223 223 219 242 218 232 240 234 241 247 255 262 262 253 242 241 234 227 216 204 188 196 194 192 182 168 162 144 144 161 162 172 176 180 188 195 194 186 181 173 170 162 155 149 151 152 156 168 182 193 185 182 170 152 144 146
268 276 274 268 258 248 243 235 219 218 210 197 208 219 229 241 271 271 277 288 262 256 258 233 230 216 193 208 224 233 252 273 291 286 292 275 266 265 251 234 229 235 252 263 245 255 241 232 236 238 248 241 241 246 239 248 246 228 214 206 204 205 204 200 188 186 162 146 154 158 160 166 174 179 182 185 185 187 188 183 175 159 156 155 153 150 151 159 167 182 205 195 196 173 178 157
265 273 266 265 264 253 244 245 228 219 230 200 197 214 231 241 269 263 261 266 275 266 260 257 238 228 209 195 209 226 241 262 288 300 299 293 281 266 255 258 254 229 236 253 267 273 273 260 236 231 233 232 239 233 228 229 238 227 225 220 211 212 206 201 184 171 148 146 152 157 164 179 185 181 182 186 191 191 193 184 174 168 162 159 157 156 159 152 160 170 185 215 213 191 206 184
262 270 254 240 252 258 265 259 241 237 223 208 220 204 217 224 229 231 239 255 273 279 271 254 231 220 220 206 212 223 234 252 263 282 284 256 271 270 262 276 263 251 273 240 250 255 279 279 265 244 230 241 237 241 236 244 239 233 230 226 218 194 190 183 179 168 149 169 170 172 165 163 168 170 175 181 183 190 192 191 176 170 165 161 160 158 165 169 157 160 172 193 210 196 202 206
248 254 253 234 239 250 266 255 247 219 218 223 224 221 203 215 229 233 237 254 271 283 266 255 246 258 242 222 201 222 239 246 252 259 262 247 242 263 275 289 286 283 279 246 250 263 278 286 263 251 249 230 238 246 258 246 236 218 222 213 222 199 193 181 176 154 150 176 182 183 178 180 168 174 175 178 183 185 198 204 191 178 170 167 166 166 173 183 166 159 163 179 174 179 184 188
240 247 241 226 226 230 233 252 247 233 221 230 240 235 231 212 221 238 239 251 265 273 277 263 253 238 236 206 213 204 222 222 257 249 244 229 239 244 255 279 290 303 285 261 260 273 283 287 274 262 242 236 241 257 267 258 245 226 204 198 188 180 169 173 164 155 164 162 169 175 172 188 192 189 181 191 188 186 210 234 203 183 177 172 169 173 190 191 172 166 160 170 161 185 194 202
207 222 225 221 223 237 241 258 252 244 234 248 238 230 224 214 220 228 226 247 250 260 275 266 248 232 222 222 236 230 217 208 237 241 223 240 254 251 270 283 298 311 294 271 267 291 286 270 271 265 269 255 254 260 249 249 228 210 206 198 192 189 177 171 165 156 171 177 185 175 179 186 190 194 200 207 193 202 217 229 213 221 185 176 171 178 196 202 186 186 166 165 172 164 168 167
222 223 219 214 230 231 221 235 238 244 250 252 247 235 229 216 215 222 218 232 240 246 261 259 240 243 251 252 249 231 220 243 229 212 230 239 235 247 261 276 296 306 293 284 289 292 280 264 246 264 251 261 268 254 246 224 216 212 207 195 189 182 183 173 163 162 171 182 192 192 191 192 191 191 195 211 219 217 223 231 227 197 188 206 203 184 188 212 210 181 171 170 177 189 190 183
237 242 229 228 235 225 224 238 230 238 250 250 236 226 215 226 211 222 228 237 253 263 274 267 251 262 248 249 234 214 219 240 247 244 257 262 243 238 258 277 304 307 293 271 267 285 281 264 245 236 244 250 258 256 245 230 216 210 202 195 193 193 188 176 161 167 178 186 200 208 212 213 206 201 196 201 203 206 223 224 214 202 216 218 211 186 202 212 194 192 199 206 204 200 188 185
254 250 235 225 250 246 234 230 229 233 232 249 241 251 233 233 228 214 233 245 252 269 285 285 278 271 248 232 218 238 229 226 228 236 255 267 270 266 300 286 296 277 285 277 256 240 257 256 234 234 247 230 245 249 244 221 209 202 202 205 192 187 189 169 160 169 174 183 191 213 215 218 221 223 210 200 208 229 231 227 225 223 215 218 221 210 212 200 183 193 205 185 193 185 173 177
