test_cases/Oregon_test_case/Oregon_large_test/terrain/background_srtm_data/delta_his_pre_HPATtest_1980_1.asc
ncols 240
nrows 239
xllcorner -123.0000000000000
yllcorner 43.0000000000000
cellsize 0.0083333333333
NODATA_value -9999
[rows 86 to 128 of 239, columns 96 to 191 of 240]
208 207 206 208 210 216 210 219 225 206 204 205 205 213 214 205 205 216 219 219 215 213 210 208 204 203 206 214 213 224 229 240 246 251 256 253 256 258 261 264 268 271 272 273 272 270 268 264 261 260 256 263 272 287 285 282 263 261 250 228 203 186 183 171 163 163 168 155 133 130 130 125 115 115 107 105 103 100 98 96 96 92 90 90 89 88 86 85 84 82 81 80 79 76 77 76
205 204 203 203 203 203 213 231 222 206 210 216 211 209 203 203 204 215 217 217 216 202 204 202 201 201 203 207 213 227 241 238 248 252 255 258 255 254 256 259 262 265 268 265 266 265 261 262 262 260 262 267 275 283 292 279 261 256 247 231 205 204 197 196 198 197 181 165 137 132 134 138 128 119 112 108 105 103 101 99 96 94 92 91 89 88 86 85 83 83 82 80 77 76 75 76
203 204 203 202 202 206 214 222 223 221 216 215 203 201 205 204 211 215 215 215 202 201 201 201 200 200 202 207 213 223 237 248 254 259 257 258 254 256 253 255 257 259 259 260 260 258 259 260 261 263 266 270 271 268 276 271 262 251 241 223 204 202 210 217 217 204 185 177 152 136 137 136 131 118 113 110 107 105 104 100 100 95 93 91 89 88 86 85 84 82 81 80 79 76 77 77
204 204 203 204 203 202 201 208 224 220 211 204 215 218 201 203 212 209 211 213 200 200 200 200 201 200 202 208 214 229 241 248 256 263 260 260 258 253 250 251 252 254 255 257 257 258 259 260 262 263 264 271 265 265 272 256 250 235 226 221 201 215 230 249 241 222 197 176 160 149 147 145 134 132 117 114 114 109 105 103 104 96 101 91 89 88 87 85 84 83 82 81 79 78 77 77
202 202 200 199 200 199 199 201 206 215 221 223 220 216 201 199 209 210 204 202 199 198 198 198 199 199 205 210 223 233 240 248 254 259 260 260 259 252 248 249 254 257 256 256 258 259 263 262 266 268 268 271 262 261 255 251 247 236 229 219 212 222 238 240 239 223 195 182 163 160 149 150 147 136 129 123 117 111 106 103 105 108 103 95 93 89 89 86 86 83 82 81 80 79 78 77
200 201 201 201 200 199 198 198 198 200 212 223 205 198 203 203 208 201 200 200 199 197 197 197 198 200 202 209 221 230 238 246 250 253 257 256 254 251 242 247 253 256 256 258 260 262 266 264 268 268 269 270 262 261 254 248 241 231 228 225 222 225 221 230 233 212 186 177 167 161 155 151 147 140 130 124 126 111 114 117 111 108 104 97 93 91 89 86 86 83 82 81 80 79 78 77
198 198 198 198 197 200 210 215 214 202 199 223 206 198 199 198 204 206 201 198 198 197 195 196 197 198 201 205 215 227 232 234 242 249 251 250 243 241 242 244 244 253 258 261 261 261 265 267 271 275 273 272 261 254 249 243 239 234 232 229 231 225 214 211 206 194 185 178 171 162 160 155 146 138 138 134 131 126 123 117 107 105 100 98 95 92 89 87 86 85 82 81 80 79 78 77
209 210 206 200 196 197 202 215 223 210 205 224 218 207 209 196 202 205 203 197 204 194 194 195 195 197 201 205 211 217 223 231 238 247 249 247 245 240 238 240 243 252 255 258 261 263 265 269 274 278 278 270 264 260 251 247 245 243 241 237 232 221 218 211 207 202 189 178 176 167 164 159 151 145 141 134 131 123 116 113 114 106 106 98 97 92 89 88 87 85 84 81 80 79 78 77
203 197 203 210 205 200 204 210 218 212 208 203 212 195 194 197 194 201 201 203 202 194 193 193 195 197 199 203 207 212 218 228 235 242 241 244 246 243 235 236 246 252 253 258 262 265 268 272 274 278 284 269 270 266 258 256 248 246 241 237 230 223 217 210 220 208 177 187 177 171 165 159 155 145 140 133 127 123 121 120 118 113 107 104 96 100 98 92 87 86 84 83 82 80 78 77
195 196 194 195 201 193 194 194 196 193 193 196 198 199 199 195 199 196 201 199 199 197 192 194 193 194 196 198 203 208 211 218 226 235 242 239 236 231 233 234 245 246 252 259 263 269 270 274 278 282 287 284 270 270 266 260 258 253 244 237 229 228 233 220 195 180 200 194 190 181 175 174 157 149 142 137 131 130 131 125 121 115 107 103 98 94 92 90 87 86 88 85 81 81 79 79
191 192 193 195 194 195 192 196 197 197 195 195 193 194 193 195 196 196 195 195 192 191 192 190 192 191 193 196 202 209 214 220 229 233 238 224 213 222 230 237 242 246 252 257 262 266 270 275 283 291 291 292 282 281 272 268 264 256 248 240 236 235 223 206 191 186 201 204 195 187 187 172 162 153 148 145 140 137 132 129 119 114 110 104 99 96 93 91 89 88 89 85 87 83 80 79
175 178 178 179 185 184 185 187 187 189 190 190 191 192 197 195 195 195 194 192 190 191 190 190 194 193 191 193 199 206 217 229 241 226 199 202 203 206 230 236 244 248 250 261 265 269 277 284 292 287 301 299 302 293 287 272 268 260 252 249 243 225 218 202 199 190 210 214 210 194 187 186 166 161 153 152 148 145 137 130 118 114 109 106 104 100 94 93 90 91 95 89 88 87 82 79
173 176 178 179 180 181 182 192 193 194 195 193 194 195 195 195 193 194 195 196 196 188 189 188 189 193 187 190 190 188 184 183 183 184 184 186 184 203 213 239 245 254 261 262 265 275 275 286 296 299 315 323 302 292 287 281 272 263 255 249 237 231 217 200 201 211 221 219 208 202 199 185 176 167 162 157 157 149 139 130 124 117 113 113 109 107 102 97 94 97 98 95 90 89 83 84
187 179 179 180 181 185 187 186 191 192 193 193 193 194 191 191 191 190 188 189 194 194 193 193 193 193 190 187 188 184 183 182 182 182 193 205 181 198 230 236 246 251 255 260 264 271 278 289 301 311 318 325 308 296 286 275 267 260 254 246 237 228 214 207 215 227 231 220 209 203 196 193 182 175 167 161 159 156 152 141 128 124 120 117 119 110 105 100 101 100 96 90 93 91 85 84
188 185 185 187 180 188 188 188 188 188 186 190 190 191 191 191 190 189 188 186 187 189 189 188 186 188 190 190 195 193 201 205 197 202 212 228 233 239 226 227 237 244 262 265 269 271 277 292 304 319 319 309 298 288 280 271 263 255 251 244 237 228 215 224 227 237 233 231 224 217 217 217 201 186 190 168 168 162 156 149 141 131 128 123 118 109 107 105 101 99 92 90 90 97 90 84
188 189 187 188 187 188 187 186 186 187 188 188 190 186 188 190 191 190 188 186 185 186 186 188 188 189 192 193 197 197 205 208 216 220 216 224 229 239 252 252 250 250 247 261 265 271 277 294 306 313 319 307 295 283 276 269 263 254 247 242 238 229 225 234 246 241 237 237 238 239 239 237 220 210 202 192 178 169 165 155 151 135 129 125 118 114 109 104 98 95 92 91 90 93 90 86
190 197 193 199 191 188 185 187 193 187 192 186 186 188 190 186 187 189 189 185 184 184 185 185 185 184 184 190 198 204 207 214 222 229 231 229 228 235 243 251 261 260 250 250 258 266 277 285 291 301 304 301 291 282 275 263 254 248 248 250 244 246 241 242 251 251 249 249 246 244 243 233 228 221 204 193 185 176 163 157 147 138 131 126 123 122 115 108 99 95 94 93 91 90 89 89
189 194 203 205 206 201 194 195 191 202 202 189 185 202 197 192 190 183 185 187 183 183 182 183 182 182 183 185 192 206 211 217 223 230 241 243 228 239 245 251 265 270 258 256 254 263 271 277 287 294 295 290 280 281 282 265 255 260 255 254 248 245 246 255 256 257 256 254 253 249 241 243 238 226 208 195 188 176 172 160 153 145 134 129 126 124 116 110 102 97 96 95 94 91 90 89
184 184 185 190 198 205 211 204 205 204 213 201 208 213 215 204 189 184 183 186 185 182 184 183 181 180 181 183 191 205 212 216 222 227 238 243 243 247 247 256 259 269 267 256 257 262 269 273 277 288 286 293 287 296 291 283 275 270 255 255 256 252 259 265 264 266 261 261 262 258 254 256 254 254 232 217 208 202 190 163 158 146 141 137 132 123 114 107 102 100 97 98 94 93 92 91
181 183 182 183 183 188 188 195 202 211 208 205 215 220 203 202 197 183 181 185 185 180 179 182 180 179 181 182 191 201 213 219 225 232 236 242 248 243 245 250 255 255 257 254 255 259 264 270 282 293 301 308 307 300 293 285 276 270 263 254 262 263 271 269 269 281 275 271 266 262 262 261 256 260 251 254 252 227 220 203 167 156 151 148 137 132 137 121 108 107 102 103 99 96 94 90
188 185 182 181 181 181 182 181 181 183 182 185 195 196 209 208 189 184 185 180 181 183 179 178 180 177 177 184 190 197 208 218 221 227 234 240 246 235 240 242 243 235 243 243 254 255 262 274 288 306 318 334 322 311 298 282 280 271 269 266 267 275 286 280 282 290 279 273 269 266 272 266 262 261 260 257 255 245 239 239 188 166 159 153 146 144 138 130 116 112 107 105 102 98 96 92
185 194 200 185 190 184 183 180 180 180 180 180 184 188 186 210 199 200 202 194 179 180 179 183 182 180 177 175 188 195 204 209 218 223 229 231 226 229 229 226 224 234 235 242 248 255 257 276 290 304 312 324 322 313 298 265 280 284 279 279 284 286 286 280 296 303 278 274 265 275 277 269 266 267 265 254 255 249 243 240 201 173 163 156 152 148 141 132 127 123 115 109 104 103 99 95
180 181 182 197 201 198 201 197 186 199 198 184 185 200 188 204 211 202 188 180 177 178 176 184 184 184 175 174 175 176 203 205 210 214 215 224 185 193 190 203 217 225 233 236 244 250 259 270 285 289 292 316 302 301 284 263 264 284 294 292 297 294 305 306 303 303 299 295 296 289 281 276 269 266 265 256 260 253 249 239 216 192 175 168 161 155 149 138 131 125 120 113 109 103 102 100
185 192 185 182 187 193 202 205 200 207 195 185 188 204 197 210 207 198 192 195 176 177 175 188 187 183 177 174 174 173 172 172 174 197 170 170 181 190 199 202 214 227 223 232 235 239 242 256 261 274 282 290 290 291 280 269 263 271 287 310 314 310 304 299 298 294 291 291 281 281 279 275 270 263 257 254 248 253 236 226 220 201 187 177 167 159 150 141 133 125 121 115 111 111 107 100
199 203 190 200 197 192 193 198 216 205 192 198 198 206 211 211 218 210 208 197 178 175 174 190 192 185 184 180 179 178 178 190 175 173 176 183 201 217 232 239 247 245 244 253 249 252 251 259 263 262 269 273 272 272 264 260 260 275 284 306 296 292 295 296 289 284 278 273 278 276 273 269 269 266 259 248 243 240 235 227 224 217 199 186 172 164 155 146 140 128 125 120 119 115 105 102
190 201 204 207 201 203 205 205 201 201 203 205 200 201 208 205 198 201 197 195 174 174 173 175 193 191 184 185 184 186 190 195 200 205 207 205 199 200 204 221 231 233 241 248 260 258 249 250 262 260 259 269 260 258 253 251 251 261 270 282 276 277 287 292 287 283 274 272 262 272 272 262 264 261 256 248 247 243 237 232 226 218 212 197 182 165 157 151 144 129 127 124 119 114 108 107
178 187 186 201 187 178 181 193 178 179 191 198 194 192 192 196 201 199 192 180 180 185 174 171 172 189 176 180 189 187 191 196 204 207 212 216 218 218 212 220 222 228 236 247 255 260 250 253 250 256 259 266 263 256 249 243 243 248 257 261 265 271 278 284 281 278 270 268 263 248 243 243 234 247 245 244 243 238 239 224 222 220 209 190 177 171 163 150 145 138 133 125 121 117 113 104
174 175 175 174 175 174 173 173 174 176 179 182 180 180 190 202 212 202 192 199 192 187 173 173 189 177 186 179 180 185 185 193 202 207 212 221 225 226 232 234 227 230 235 240 245 257 253 249 247 256 259 252 257 254 247 240 236 241 240 249 257 261 269 273 272 272 268 265 258 254 243 230 227 228 212 233 235 232 230 226 216 206 196 182 173 161 151 149 142 136 131 125 121 113 109 108
172 172 172 172 172 171 174 176 176 173 175 175 177 180 186 192 213 203 208 205 201 194 184 170 184 191 185 180 176 178 175 188 192 206 210 218 225 228 236 242 241 239 241 244 242 241 243 242 249 243 229 227 221 236 224 226 220 223 230 245 242 261 265 269 270 269 261 257 252 248 244 240 230 226 220 205 207 227 203 186 183 174 161 156 157 150 154 148 143 136 131 127 123 116 112 105
166 167 173 174 177 182 185 187 184 185 175 173 175 178 186 207 208 201 200 203 197 194 194 176 172 190 187 182 178 177 174 180 182 183 197 206 214 220 228 231 233 234 238 243 251 237 237 238 246 229 225 222 220 218 216 216 215 220 255 258 256 247 257 258 257 266 267 266 253 240 237 227 216 213 208 211 177 180 192 198 177 164 161 183 180 171 162 148 143 138 131 128 124 118 110 105
172 168 169 170 172 172 172 179 187 198 183 179 174 176 179 187 191 193 197 197 199 197 194 194 191 180 183 186 191 191 178 184 183 182 192 195 203 209 214 218 222 228 237 236 242 238 232 231 224 221 220 219 236 234 215 215 216 226 236 237 239 240 242 250 253 266 272 267 262 247 235 228 222 212 204 198 187 193 195 210 209 206 201 192 177 170 164 155 145 140 135 131 127 120 115 107
175 169 168 165 169 171 171 172 176 187 200 189 180 176 176 182 194 203 201 199 198 199 195 193 192 189 189 190 191 192 198 198 195 188 190 194 196 201 206 212 218 221 220 227 227 230 226 224 218 218 215 217 230 228 214 214 216 221 226 234 238 240 241 247 247 269 280 277 270 257 251 247 230 227 222 229 218 219 213 210 205 201 195 185 174 165 158 152 144 139 132 128 126 121 118 113
172 167 166 166 169 170 185 178 176 184 203 198 192 187 178 175 182 196 199 199 200 198 197 194 193 190 188 189 192 192 196 198 202 206 209 205 191 193 200 205 207 211 214 217 220 219 221 220 210 205 207 210 222 223 214 213 215 221 229 240 245 254 248 248 247 276 291 286 262 259 255 248 236 230 227 225 219 215 213 206 200 196 190 184 174 165 159 148 144 138 133 129 125 121 115 108
171 166 165 167 170 173 183 191 186 182 189 194 200 192 181 180 187 180 184 183 196 200 201 195 192 192 190 196 193 195 197 198 201 205 213 219 218 208 205 206 205 208 211 211 212 207 207 203 203 204 202 202 215 214 212 212 218 224 233 243 264 277 269 259 252 264 278 279 266 255 248 248 243 238 230 231 224 213 218 216 216 195 189 179 173 166 161 161 145 137 133 126 122 117 111 107
168 166 163 165 169 184 193 192 200 190 200 196 199 194 199 199 195 195 192 187 188 200 197 196 193 191 189 193 197 193 198 200 200 203 210 217 228 224 216 214 210 210 212 215 212 206 202 197 200 211 202 202 210 207 205 209 216 232 245 266 297 295 291 274 261 251 246 250 236 238 239 234 245 237 228 222 219 212 214 208 204 192 188 181 172 163 160 149 142 136 130 127 119 112 108 106
170 166 163 163 165 169 172 187 175 189 199 188 182 186 193 194 196 193 194 190 186 190 188 192 191 190 190 190 194 196 203 203 205 207 214 219 222 226 223 217 214 214 208 210 208 206 198 191 190 204 196 200 198 200 201 204 217 231 249 276 307 321 299 287 270 246 238 229 225 225 223 224 218 228 230 219 215 210 205 197 193 190 189 180 174 164 156 146 138 138 123 119 115 111 109 106
168 165 163 164 162 163 165 167 166 166 166 170 166 170 176 166 164 172 188 195 193 193 193 191 189 191 188 188 189 195 200 205 207 209 214 216 215 219 222 227 226 213 214 216 220 223 199 190 194 193 191 190 196 196 199 203 212 226 240 268 290 301 296 283 262 246 230 223 220 216 214 217 214 215 218 219 216 208 200 196 198 197 189 182 175 162 152 147 140 132 125 119 115 113 107 106
175 169 167 164 165 161 162 161 161 161 162 162 163 163 162 161 162 161 166 171 183 191 179 187 188 175 173 182 166 183 183 187 192 190 203 208 212 216 220 229 232 231 215 215 208 208 200 190 191 191 190 190 192 197 196 202 204 213 227 251 266 271 275 269 254 237 222 217 214 209 211 205 205 209 212 214 208 205 197 196 197 197 184 184 168 160 152 146 139 134 130 117 113 112 108 107
180 171 166 167 163 168 166 164 163 162 160 160 161 161 161 165 166 160 161 160 161 161 160 160 162 161 166 175 175 179 175 180 187 191 194 205 212 214 218 224 230 227 206 206 205 197 199 192 191 190 190 189 189 189 193 193 197 207 222 236 252 263 267 257 245 231 220 215 208 205 198 201 202 200 211 208 204 203 205 200 199 204 180 167 162 159 151 145 136 129 119 112 111 109 108 109
186 177 181 172 165 164 171 193 178 169 165 166 170 162 161 163 168 174 161 159 162 165 171 185 160 185 186 186 188 190 180 181 183 191 191 197 204 207 208 215 224 222 217 208 204 204 198 193 188 190 188 188 186 185 190 195 196 206 219 234 244 256 266 242 236 228 221 213 205 195 192 189 191 196 199 198 202 199 197 197 196 198 181 170 161 158 156 148 140 125 118 113 110 109 108 109
188 193 181 168 164 162 164 178 194 186 181 183 180 163 165 162 165 180 172 162 159 164 186 184 186 187 188 186 187 197 195 197 190 190 192 193 201 207 209 214 222 216 216 215 213 208 202 197 187 184 181 179 182 187 190 195 198 204 217 226 239 241 244 237 226 220 210 208 199 189 183 183 190 185 189 192 197 189 186 188 188 187 187 183 168 148 150 142 132 127 123 121 114 119 114 113
184 194 177 169 176 167 163 170 186 201 198 194 185 176 169 163 167 186 193 190 168 162 160 162 187 185 184 185 188 197 195 195 196 195 195 189 201 202 205 218 222 216 216 220 223 215 208 200 191 182 176 176 179 182 187 191 197 204 215 222 227 233 230 224 216 207 204 200 189 181 175 170 172 176 181 185 200 191 185 183 181 183 179 177 164 147 138 135 130 121 117 117 116 115 114 115
187 190 175 171 182 180 166 170 179 195 202 198 195 189 179 164 167 171 174 179 182 182 173 171 167 175 180 184 187 191 195 206 208 202 198 201 195 202 207 217 218 216 214 216 223 227 217 212 190 187 174 172 175 175 180 183 194 203 209 216 219 225 221 214 208 203 196 193 181 176 170 162 164 168 173 182 182 187 181 182 182 181 164 164 164 145 140 137 133 128 116 115 116 115 116 115
