test_cases/Oregon_test_case/Oregon_large_test/terrain/background_srtm_data/delta_his_pre_HPATtest_1980_1.asc
ncols 240
nrows 239
xllcorner -123.0000000000000
yllcorner 43.0000000000000
cellsize 0.0083333333333
NODATA_value -9999
[rows 172 to 214 of 239, columns 96 to 191 of 240]
183 193 198 205 219 226 230 230 236 228 221 215 214 208 204 206 215 215 206 200 194 187 187 187 179 174 170 169 170 172 168 168 164 162 166 168 168 163 158 156 155 159 174 196 220 238 260 239 212 179 174 178 192 205 195 188 180 171 169 160 143 132 127 125 125 123 122 121 119 119 119 118 118 117 117 118 116 115 114 114 113 112 112 112 112 111 112 111 110 112 111 112 113 113 112 117
190 195 201 216 222 235 250 244 237 230 223 223 217 211 209 209 218 221 213 205 205 225 210 197 190 190 192 177 172 169 169 167 165 166 170 170 174 169 163 160 161 160 171 179 195 201 215 208 190 172 177 180 200 212 197 185 173 166 159 155 142 132 126 126 124 124 122 122 120 119 119 119 118 118 117 118 116 115 115 114 113 113 114 113 112 111 112 111 110 111 111 112 113 115 114 117
206 216 230 227 236 238 256 250 246 240 236 229 221 219 212 212 223 229 222 214 228 230 216 203 193 190 185 184 176 171 169 169 169 170 178 184 186 175 170 163 156 156 166 174 183 189 191 183 172 164 172 181 194 205 197 186 170 163 154 149 139 129 127 125 125 123 123 121 120 121 121 120 118 118 119 118 118 116 115 114 114 113 114 113 112 111 110 111 110 109 110 112 115 114 115 115
217 227 237 250 249 253 263 259 256 247 238 230 225 219 212 212 213 227 231 242 224 216 210 206 201 197 186 177 173 170 169 169 172 184 190 200 194 180 174 171 156 156 160 159 169 171 166 163 156 156 162 175 187 183 186 173 158 155 148 144 137 131 127 126 125 123 123 123 122 123 120 119 120 118 119 117 117 116 115 115 114 113 114 113 112 112 111 110 110 109 110 114 113 114 117 117
209 217 227 239 254 264 267 254 252 246 238 231 225 219 215 213 214 225 238 232 230 214 208 210 206 196 180 171 170 169 168 170 177 197 210 222 211 194 185 177 162 154 156 153 156 156 158 157 152 150 155 158 165 165 164 157 149 149 142 140 136 130 128 126 124 124 124 123 123 122 122 120 119 120 120 119 119 116 116 115 114 114 114 114 113 112 111 112 111 110 110 111 114 114 117 117
194 216 219 227 241 257 261 250 242 239 234 232 226 224 220 213 212 223 232 237 243 231 222 212 198 190 178 172 171 169 168 167 179 194 215 221 224 210 197 179 163 153 152 149 149 148 154 154 149 146 145 153 151 152 149 144 145 139 136 131 129 127 129 127 125 126 125 124 123 123 122 120 120 122 122 120 119 117 116 115 115 116 115 114 113 112 111 112 111 110 111 122 119 118 119 118
182 197 212 216 228 240 242 238 240 240 235 229 228 225 219 212 207 222 228 237 245 239 229 214 195 187 181 174 172 170 169 168 172 184 197 210 202 206 195 171 162 155 152 151 149 148 147 146 144 144 143 143 141 140 143 139 134 132 131 130 133 131 129 127 127 126 126 124 124 123 123 121 122 121 119 118 118 117 116 116 115 116 115 114 113 112 113 112 111 110 113 119 116 118 119 118
176 188 199 206 219 222 229 230 232 247 235 229 223 221 214 212 201 212 219 226 234 236 219 208 193 182 175 174 176 175 171 168 167 171 176 184 198 178 177 167 157 156 153 151 149 149 148 148 146 145 143 141 139 139 139 137 133 134 135 134 133 131 128 128 127 128 128 126 126 125 125 123 122 120 119 119 118 117 117 116 115 116 115 114 115 114 113 112 113 112 115 115 116 117 117 116
175 184 191 201 213 220 227 226 230 231 230 226 220 215 213 207 193 190 202 210 214 209 198 186 178 177 176 175 175 177 173 168 167 165 164 163 167 162 166 177 173 169 157 159 151 156 150 150 145 145 146 142 140 140 138 136 137 136 136 134 134 131 129 133 137 135 136 133 126 126 124 121 121 120 120 119 118 118 117 116 117 118 117 116 116 115 115 114 115 114 117 116 116 115 116 114
175 178 187 199 208 210 216 219 220 221 216 216 215 214 210 201 192 187 184 182 189 187 176 177 177 177 176 175 175 180 175 169 167 166 165 167 167 163 188 228 204 188 185 169 159 155 156 150 149 146 148 144 146 139 141 141 139 137 137 135 134 133 135 139 146 146 144 135 131 129 126 123 121 121 120 119 119 118 117 117 116 118 118 117 116 117 116 116 117 116 115 116 115 115 114 115
176 180 185 197 204 209 211 212 212 210 211 214 207 208 207 203 197 190 186 182 179 178 177 177 177 177 176 176 180 182 172 170 168 167 168 167 168 167 201 242 264 243 218 184 169 162 151 150 150 149 148 147 147 142 142 140 140 138 137 135 134 135 140 147 154 159 149 141 133 130 128 125 122 121 122 120 119 118 118 117 116 119 118 119 118 117 118 117 117 116 115 116 115 115 114 117
184 183 192 196 203 207 209 212 209 208 208 209 213 211 211 209 206 198 193 185 180 179 179 179 178 178 180 184 185 177 173 170 168 168 169 173 172 171 170 209 197 210 208 194 176 159 151 151 150 150 150 148 145 143 142 141 140 138 136 134 134 135 145 157 158 156 153 137 134 130 128 127 122 121 121 120 121 119 118 119 120 119 118 119 118 117 118 119 118 117 116 114 115 116 114 113
167 184 192 206 213 215 218 214 209 209 209 213 215 219 220 220 206 204 195 190 187 185 186 186 184 184 188 188 180 175 174 171 170 169 175 177 176 175 172 177 187 175 177 178 172 153 152 151 150 151 149 146 145 142 143 140 139 137 137 135 135 137 143 148 148 145 143 135 131 130 125 125 122 122 121 124 123 119 120 119 118 119 118 119 118 119 118 119 118 117 118 116 117 116 122 121
159 160 184 199 215 238 223 215 210 214 216 218 223 225 227 228 219 210 203 198 193 199 194 197 194 198 190 181 178 174 172 172 173 173 181 177 175 172 164 163 170 158 157 157 154 154 152 151 150 150 150 151 145 144 142 142 140 138 138 136 135 135 137 140 141 139 128 129 130 126 126 123 123 122 121 124 122 121 120 119 119 120 119 119 119 119 118 117 118 119 118 117 123 120 119 119
164 159 164 181 208 218 208 214 218 218 223 229 229 234 236 232 226 218 213 211 204 200 203 202 203 196 185 182 176 175 174 175 175 175 173 171 169 166 164 161 159 158 157 156 155 154 153 151 151 149 152 150 150 148 144 142 140 139 138 136 139 138 136 137 138 136 130 128 129 127 124 124 123 122 122 121 130 123 121 120 119 120 121 120 121 121 120 121 120 119 120 120 138 124 121 125
221 161 162 159 187 194 208 212 215 219 225 229 233 241 239 240 237 230 224 220 216 214 208 208 208 201 192 182 179 177 175 174 175 176 178 174 171 168 170 165 161 158 157 157 155 154 154 153 153 151 152 152 150 148 148 142 142 141 139 138 138 136 135 135 134 132 129 128 127 127 125 124 123 123 122 133 129 123 128 127 123 130 131 127 142 132 126 123 122 121 144 137 127 141 136 135
215 195 173 161 161 170 193 191 199 206 219 229 237 245 242 243 245 232 234 232 231 222 213 211 209 203 195 188 180 187 175 174 176 175 181 178 175 173 169 167 164 163 159 157 156 156 156 154 152 152 153 151 149 149 147 145 144 140 141 140 135 135 134 132 132 130 129 128 128 127 125 124 124 123 152 150 139 140 147 136 126 139 135 156 144 140 128 131 126 145 142 149 144 143 144 141
216 205 190 193 180 173 176 184 196 202 206 219 228 250 261 258 257 248 247 252 246 239 222 213 211 209 202 195 198 176 173 174 175 175 187 183 176 174 170 170 168 165 164 160 157 156 156 156 153 154 155 152 149 147 146 147 144 143 143 139 136 135 133 133 132 130 129 130 130 128 127 126 127 155 168 155 152 156 159 143 135 145 171 145 139 144 139 133 159 160 156 151 150 151 151 156
231 223 206 202 209 203 193 213 216 216 215 222 225 235 249 260 267 253 263 258 247 248 235 227 223 217 209 198 191 178 173 173 174 196 188 184 179 177 178 175 172 167 164 159 157 157 157 157 154 156 154 152 149 147 145 145 143 144 142 137 138 136 134 133 132 130 131 131 130 128 127 140 154 172 158 161 165 173 161 150 156 163 150 145 143 151 156 164 163 160 156 157 165 166 163 154
212 210 220 216 220 224 210 215 226 236 229 231 245 243 250 256 270 260 270 262 264 242 231 228 223 213 209 205 185 175 174 173 192 210 201 185 184 184 183 178 176 166 165 163 159 159 159 157 156 157 155 150 150 146 144 142 142 140 141 140 137 136 134 135 133 131 132 131 131 149 186 168 172 174 163 173 166 160 149 162 164 160 155 149 156 157 169 170 169 162 158 159 167 166 152 149
194 195 201 207 217 225 234 231 227 236 249 243 256 251 247 255 271 260 246 257 252 244 227 224 220 207 202 192 177 176 176 196 207 211 193 191 187 186 181 176 171 168 164 163 160 160 159 159 158 159 155 151 150 148 145 144 142 145 143 142 138 136 136 137 133 134 143 170 184 187 183 183 197 174 172 173 164 164 167 170 167 177 172 166 170 170 182 179 176 176 156 159 169 162 156 160
184 197 197 205 214 224 235 247 245 247 256 268 259 244 231 225 261 256 243 233 237 229 221 215 209 201 188 178 177 178 177 196 214 212 196 189 187 184 182 178 176 172 170 165 160 160 161 160 158 159 156 150 152 146 145 145 144 146 146 141 140 137 138 136 146 188 184 186 194 189 187 190 188 178 181 167 168 176 176 182 182 183 175 173 176 177 184 179 178 178 166 172 186 174 162 168
182 186 194 202 211 224 232 241 233 238 245 246 238 246 221 220 239 233 242 233 228 220 215 209 202 191 183 179 178 177 182 191 194 193 196 183 180 179 179 177 175 174 171 168 164 164 162 160 161 155 156 152 150 146 147 145 143 147 145 143 138 142 137 142 185 187 190 194 192 189 186 184 187 190 178 181 177 175 176 186 184 180 179 177 176 177 188 181 181 178 183 199 207 205 194 176
209 204 213 215 229 228 229 231 229 226 232 233 231 231 221 214 225 230 228 232 232 227 207 204 182 180 180 178 177 180 195 195 210 197 193 185 182 178 174 173 171 190 173 169 164 163 164 161 160 154 154 152 149 148 148 146 148 146 141 143 143 144 149 178 198 198 190 188 188 186 188 187 180 177 175 174 174 175 176 185 184 187 181 179 176 176 188 182 183 176 196 218 226 218 211 188
208 211 217 224 227 228 230 223 221 221 220 221 220 222 212 210 212 217 219 231 232 234 225 215 182 182 180 179 190 214 220 217 203 197 195 190 184 177 173 172 171 169 168 166 165 165 162 161 157 155 153 151 149 150 149 150 148 143 146 145 145 167 198 205 203 203 195 190 197 190 190 184 184 177 175 175 174 177 177 185 188 189 181 181 178 176 188 185 183 175 187 205 215 216 208 190
201 222 211 205 212 218 220 221 215 213 213 213 216 207 205 210 196 203 206 201 202 231 247 228 210 188 183 190 222 236 211 209 203 204 205 194 180 174 173 171 171 170 168 167 167 166 163 160 154 154 153 153 151 150 150 149 144 150 149 149 166 209 217 198 196 197 199 204 208 195 190 191 184 181 175 175 174 176 179 178 178 175 184 183 177 178 186 182 185 173 178 184 191 188 183 178
197 198 198 200 206 211 210 220 215 207 204 201 200 200 178 179 194 195 196 212 209 220 254 237 213 185 185 255 249 236 212 211 205 226 209 208 187 176 173 173 173 170 170 169 170 170 165 157 155 157 157 155 151 151 152 150 151 150 152 166 190 237 220 198 196 203 199 201 205 191 190 192 188 181 176 173 173 172 174 178 176 179 182 181 172 171 176 171 180 169 170 175 176 169 166 171
182 199 200 199 200 205 210 197 207 194 198 193 193 186 175 191 192 205 221 241 243 247 255 230 196 187 242 270 259 232 214 238 250 236 222 215 196 188 181 174 175 173 173 173 172 167 157 156 157 158 156 158 152 151 152 150 152 156 181 180 199 224 199 197 200 201 198 196 194 189 191 192 190 185 178 175 173 173 172 173 176 179 182 180 170 171 181 180 183 170 167 162 163 164 168 173
176 174 197 217 197 189 193 191 190 190 192 186 171 171 175 186 194 219 232 245 242 263 275 244 204 218 281 284 260 240 247 270 267 260 251 241 237 202 183 178 178 177 179 185 176 168 158 157 158 158 156 154 152 157 149 153 172 200 223 197 210 204 199 199 199 199 197 193 193 193 194 189 189 188 178 176 173 173 174 172 171 170 170 169 170 188 196 195 184 181 163 160 159 160 163 169
176 173 172 175 172 174 174 170 170 176 175 171 172 172 173 178 184 194 195 202 212 231 238 251 248 227 288 285 278 275 287 291 286 280 275 263 224 213 194 184 181 178 196 188 171 168 162 158 157 161 158 154 160 177 169 182 211 235 253 229 217 206 203 198 197 196 195 194 193 193 191 189 187 187 180 178 175 182 186 182 180 176 170 175 185 206 209 197 195 188 165 160 159 158 163 167
177 175 175 175 175 174 171 171 171 170 173 180 185 176 174 175 179 185 191 203 216 215 237 252 239 282 276 274 282 274 269 284 285 282 266 251 235 225 180 180 180 195 196 181 171 170 168 159 163 163 158 153 153 165 172 205 224 236 271 245 225 205 200 196 196 194 194 195 194 192 190 188 186 180 176 181 181 185 187 181 184 178 172 178 201 199 189 174 173 179 160 160 163 166 172 167
183 177 176 174 174 175 175 175 173 174 175 183 186 196 186 209 176 176 178 220 227 246 265 253 222 207 212 215 192 200 199 188 187 186 185 183 183 182 180 191 201 195 189 186 179 177 170 158 161 159 166 159 156 157 181 188 212 265 257 239 224 211 198 197 195 193 193 192 192 189 188 183 176 180 175 174 184 191 183 176 177 174 176 188 183 183 176 161 158 166 160 159 159 177 174 171
198 188 182 175 180 175 177 177 178 177 180 189 197 209 219 226 241 215 178 180 199 246 264 265 237 204 202 197 193 191 192 191 188 185 184 183 183 182 237 220 201 193 192 193 179 183 184 158 162 165 160 159 154 161 173 172 196 233 242 242 225 200 196 194 193 193 191 191 191 187 185 176 174 179 180 175 181 187 178 174 175 182 179 184 180 163 158 155 152 164 160 159 161 164 171 169
187 185 182 182 178 180 180 180 181 188 185 195 211 218 225 239 251 239 211 193 185 189 253 265 269 273 258 236 223 193 191 223 273 264 238 238 248 234 232 223 208 201 199 188 186 192 184 161 162 162 160 157 155 156 164 163 196 217 220 232 216 204 194 192 192 190 190 191 188 186 184 177 174 181 179 173 174 184 175 174 182 178 192 186 180 161 160 157 156 151 160 162 158 156 159 169
184 184 184 183 179 180 180 184 183 193 198 198 218 219 227 252 258 247 239 220 211 192 205 239 265 284 274 247 243 245 234 270 265 260 260 250 245 238 232 223 204 200 188 190 186 182 180 159 161 156 156 155 155 154 161 178 204 209 208 209 199 198 194 192 200 195 195 190 184 182 180 177 175 179 174 175 174 175 173 172 188 180 163 163 169 161 156 153 156 146 143 147 154 155 153 158
185 184 185 184 183 182 183 188 194 201 204 201 204 213 222 234 234 244 254 243 238 233 225 238 247 281 294 294 282 280 272 267 257 240 243 242 244 236 229 215 212 204 192 192 191 169 172 159 158 156 156 155 155 154 163 190 190 202 202 201 196 198 201 189 191 190 187 183 181 179 179 177 176 174 175 175 173 172 171 171 170 173 156 154 153 144 143 144 147 140 141 142 156 155 153 162
186 186 185 186 185 187 189 195 198 207 212 209 210 216 223 236 239 244 252 256 246 247 249 248 258 273 277 291 295 287 278 270 269 258 254 244 229 222 215 223 222 203 198 191 170 169 173 159 157 156 156 155 155 154 157 191 190 199 200 195 190 188 188 188 189 198 185 191 181 181 177 177 175 176 175 173 173 172 171 171 170 169 162 150 149 148 143 142 141 140 139 140 142 145 155 156
189 188 186 188 194 189 192 196 201 226 247 228 214 222 233 243 250 253 256 256 257 260 249 255 259 260 243 268 276 284 275 268 265 263 250 244 235 232 227 212 210 210 200 189 179 171 159 159 157 156 155 155 164 157 169 201 192 206 196 189 186 184 185 180 194 200 193 193 189 189 179 173 175 178 177 175 174 172 170 171 170 162 160 161 160 148 147 142 141 140 139 140 141 141 144 150
193 192 193 190 194 203 195 198 206 220 246 237 229 242 250 250 261 269 266 267 267 273 267 265 259 249 227 224 248 269 256 258 251 241 246 238 228 228 221 209 210 192 200 186 171 171 159 159 158 156 159 158 156 157 158 175 187 191 192 187 186 182 182 180 181 197 193 190 189 186 171 170 171 174 175 175 173 172 173 172 175 162 163 159 160 163 160 146 141 140 141 140 144 143 142 146
201 197 199 195 192 204 198 201 201 217 226 238 246 247 256 269 277 279 282 280 287 285 273 269 263 261 254 232 222 222 241 249 248 250 237 224 218 208 197 205 196 191 186 172 169 169 168 163 161 158 156 157 158 165 171 183 182 190 186 186 187 182 180 180 178 176 175 173 183 171 169 167 169 171 172 175 174 175 173 172 172 169 160 159 158 163 156 150 143 140 139 140 139 141 142 142
215 210 207 204 196 204 205 205 212 222 231 237 248 251 257 263 282 292 298 300 292 289 281 276 270 265 256 247 222 224 224 232 242 231 221 219 209 202 194 192 182 175 175 174 167 166 163 163 167 156 156 155 172 166 168 183 181 186 180 180 179 176 182 176 176 174 169 168 166 171 169 168 169 164 163 162 172 173 173 170 172 167 167 155 154 151 150 150 147 140 139 138 138 139 140 144
218 220 212 206 200 196 207 208 213 226 229 243 254 256 259 269 283 292 295 297 293 289 286 283 281 274 262 247 240 232 225 222 223 226 220 207 197 194 190 186 178 181 171 169 165 163 162 161 164 158 156 155 169 164 164 174 175 185 192 176 171 168 177 178 176 172 169 167 166 166 167 170 169 170 170 162 165 164 155 160 189 171 168 160 159 146 147 147 148 140 139 137 138 139 141 144
231 227 218 208 207 205 208 212 212 226 232 235 244 259 267 280 286 290 294 299 295 289 285 278 273 266 256 249 244 238 229 222 215 216 216 209 196 194 185 177 181 185 175 168 164 163 161 161 162 160 155 153 173 164 162 169 171 171 181 181 173 166 173 178 174 169 167 165 166 167 166 166 169 170 169 162 158 157 155 156 155 158 162 162 159 153 146 142 144 140 138 137 138 137 135 144
