test_cases/Oregon_test_case/Oregon_large_test/terrain/background_srtm_data/srtm30_dem_or.asc
ncols         240
nrows         239
xllcorner     -123
yllcorner     43
cellsize      0.008333333333
NODATA_value  -9999
[rows 78 to 116 of 239, columns 87 to 173 of 240]
1194 1345 1433 1513 1521 1243 1299 1048 1138 1234 1247 1318 1372 1500 1438 1331 1238 1244 1295 1469 1471 1202 1342 1203 1384 1118 933 969 1175 1124 1155 1050 799 870 1020 1037 1066 1068 1127 1127 1178 1207 1241 1270 1309 1368 1432 1499 1628 1724 1707 1843 2008 1772 1864 1755 1595 1483 1453 1411 1362 1329 1301 1270 1296 1293 1315 1321 1241 1170 1146 1127 1098 1059 1056 1027 1029 1012 1003 997 993 991 986 984 984 980 976
1206 1270 1547 1328 1256 1219 1168 1215 1228 1405 1390 1442 1424 1308 1292 1390 1239 1123 1229 1267 1340 1380 1406 1389 1349 1266 975 891 1115 1111 1044 841 812 874 933 982 1036 1088 1080 1110 1131 1254 1292 1351 1370 1384 1441 1486 1630 1745 1821 1955 2140 1827 1740 1684 1588 1513 1458 1451 1410 1400 1341 1343 1371 1300 1270 1262 1224 1201 1289 1149 1111 1069 1058 1079 1062 1036 1010 1006 997 992 987 982 977 993 972
1448 1448 1266 1326 1252 1093 1109 1273 1304 1273 1257 1202 1347 1144 1100 1264 1211 1099 1111 1260 1416 1475 1280 1185 1141 1184 1046 818 1091 1005 835 803 854 1000 962 1017 1058 1083 1140 1148 1167 1199 1267 1307 1366 1409 1443 1502 1584 1670 1753 1869 1927 1776 1728 1641 1576 1551 1511 1490 1457 1454 1422 1375 1451 1369 1296 1278 1242 1203 1160 1150 1118 1119 1101 1092 1040 1031 1014 1008 1000 994 991 983 979 973 970
1326 1291 1182 1138 1106 890 1047 1224 1187 1249 1113 1018 1015 956 1072 1293 1215 1069 1014 1146 1332 1482 1361 1432 1287 971 1031 797 1007 750 788 892 956 1047 1100 1098 1070 1116 1147 1170 1207 1230 1297 1325 1377 1419 1452 1493 1551 1621 1659 1713 1735 1739 1670 1596 1580 1566 1547 1508 1511 1446 1401 1351 1343 1299 1295 1249 1235 1188 1151 1166 1098 1083 1072 1063 1052 1040 1027 1019 1010 998 996 987 980 977 969
1234 1176 1155 1142 969 825 897 877 1067 1104 1013 950 880 958 1180 1031 1066 1060 980 999 1029 1154 1332 1247 1293 1111 899 831 954 807 790 891 979 995 1055 1090 1116 1157 1199 1194 1223 1284 1341 1406 1446 1420 1467 1521 1570 1639 1691 1708 1717 1681 1634 1596 1569 1565 1558 1565 1471 1434 1400 1367 1345 1333 1290 1328 1228 1178 1149 1128 1113 1083 1078 1072 1055 1042 1031 1021 1010 1001 988 989 984 975 972
1170 871 1133 1161 968 803 877 1000 993 953 977 861 836 854 904 1046 1105 1138 1059 926 985 1031 1307 1220 1151 1056 974 820 941 719 847 962 1030 1081 1076 1116 1165 1190 1219 1279 1294 1306 1343 1370 1386 1423 1473 1544 1614 1676 1767 1829 1826 1789 1715 1652 1592 1561 1538 1516 1474 1447 1426 1406 1499 1506 1420 1336 1237 1201 1168 1135 1138 1106 1093 1085 1060 1051 1032 1021 1009 1001 996 988 979 970 970
794 917 1213 1069 1043 932 694 816 815 856 774 766 878 1022 1148 1378 1437 1246 1112 1044 872 941 1095 1099 1083 995 836 861 695 751 872 966 1025 1077 1102 1227 1246 1275 1224 1261 1311 1348 1391 1392 1404 1439 1494 1562 1631 1713 1822 1941 1927 1844 1821 1724 1643 1581 1532 1479 1487 1543 1613 1621 1620 1567 1499 1379 1285 1225 1182 1181 1160 1122 1113 1094 1079 1053 1038 1027 1012 1015 1005 995 975 976 977
987 729 842 847 823 944 845 737 889 760 697 884 1063 1232 1341 1515 1372 1205 1098 1035 903 791 921 1023 933 938 756 639 708 731 756 817 885 1061 1118 1247 1299 1375 1336 1290 1351 1375 1429 1447 1453 1473 1501 1548 1626 1707 1843 1925 1871 1841 1797 1718 1649 1593 1548 1524 1523 1700 1783 1822 1724 1644 1500 1401 1295 1243 1208 1203 1184 1154 1136 1121 1086 1075 1045 1032 1027 1029 1008 990 991 987 983
1147 999 745 613 797 933 797 623 706 658 767 933 1116 1167 1256 1217 1338 1386 1128 920 870 862 948 715 785 873 686 660 701 734 778 790 844 877 939 1074 1138 1183 1261 1318 1397 1413 1462 1510 1502 1482 1509 1553 1599 1660 1723 1761 1754 1732 1706 1668 1611 1578 1585 1555 1635 1790 2001 1962 1945 1789 1658 1573 1426 1301 1248 1247 1214 1186 1177 1194 1175 1084 1056 1058 1063 1050 1032 1003 1005 1002 995
1032 1244 973 803 581 841 714 628 758 892 965 933 925 983 1045 1218 1583 1357 1063 1223 1262 1192 1184 1009 811 872 692 635 691 718 896 849 894 959 987 1062 1145 1215 1323 1368 1397 1440 1487 1528 1530 1505 1488 1521 1545 1586 1648 1670 1659 1659 1642 1614 1617 1596 1611 1631 1706 1863 2013 2082 1964 1630 1643 1586 1468 1323 1328 1314 1325 1332 1327 1284 1247 1126 1073 1089 1130 1095 1063 1025 1016 1008 1016
905 1086 975 833 591 568 654 675 796 854 855 838 835 953 1144 1295 1364 1260 1436 1397 1219 1005 896 791 865 743 809 665 627 873 948 919 941 1000 1018 1074 1132 1200 1285 1424 1501 1565 1574 1574 1588 1549 1577 1497 1517 1548 1570 1589 1593 1612 1600 1586 1597 1640 1655 1696 1759 1772 1806 1881 1840 1749 1593 1512 1425 1359 1348 1409 1437 1442 1379 1300 1241 1168 1093 1121 1127 1094 1053 1039 1037 1029 1023
869 1208 979 705 618 752 794 879 833 691 713 835 1007 1114 1066 1055 1166 1426 1285 1208 1271 1116 1244 1053 804 610 739 604 627 921 1000 979 1028 1061 1058 1086 1161 1258 1341 1442 1554 1644 1756 1701 1670 1610 1538 1498 1500 1520 1538 1537 1594 1592 1600 1605 1640 1693 1691 1712 1867 1750 1743 1901 1695 1593 1499 1459 1425 1363 1449 1540 1623 1607 1473 1362 1273 1206 1170 1167 1170 1118 1102 1092 1061 1054 1049
722 988 710 537 629 802 770 738 605 731 759 870 945 884 919 932 1092 1253 1303 1497 1396 1425 1336 1144 984 742 624 839 878 931 946 1009 999 1032 1065 1150 1213 1316 1401 1462 1554 1623 1692 1733 1703 1634 1547 1479 1516 1559 1584 1590 1610 1637 1649 1673 1689 1764 1796 1762 1850 1721 1698 1649 1626 1571 1535 1509 1430 1394 1491 1580 1629 1610 1503 1384 1301 1230 1222 1196 1193 1192 1137 1128 1113 1081 1060
623 687 501 673 730 554 540 619 651 692 693 645 736 723 869 950 1029 964 1111 1321 1467 1164 970 831 738 580 739 860 837 884 956 985 980 1042 1070 1134 1216 1325 1365 1416 1500 1555 1635 1670 1646 1598 1550 1462 1547 1562 1638 1656 1649 1677 1715 1771 1752 1839 1824 1828 1820 1728 1680 1676 1612 1560 1517 1490 1491 1469 1498 1520 1558 1531 1454 1312 1301 1273 1232 1220 1207 1199 1172 1120 1111 1155 1074
535 467 685 517 534 670 769 862 919 902 974 883 828 942 1123 1354 1286 1344 1122 1202 1527 1119 1008 1123 844 615 719 773 863 843 912 926 990 1055 1076 1132 1191 1286 1362 1404 1452 1490 1566 1584 1585 1494 1476 1475 1489 1553 1635 1693 1709 1730 1738 1789 1821 1898 1915 1888 1880 1761 1671 1635 1592 1553 1539 1522 1522 1527 1534 1451 1444 1412 1366 1339 1310 1279 1256 1242 1203 1167 1158 1178 1167 1157 1143
700 464 459 584 766 854 953 935 1232 1288 1326 1171 1117 928 1072 1253 1343 1534 1265 1172 1514 1373 1278 1329 918 707 566 676 963 688 947 1015 1055 1042 1099 1150 1221 1244 1308 1349 1413 1484 1568 1581 1574 1526 1474 1457 1492 1538 1613 1663 1709 1749 1793 1822 1876 1955 1955 1971 1862 1831 1747 1656 1642 1637 1630 1610 1562 1564 1503 1483 1456 1469 1415 1375 1309 1316 1296 1242 1257 1227 1206 1185 1171 1135 1113
668 406 588 720 923 896 817 922 1041 1179 1065 1279 1296 1308 1280 1345 1375 1512 1379 1312 1226 1163 995 904 1176 856 731 555 560 848 923 974 1047 1062 1122 1154 1197 1244 1295 1371 1413 1482 1551 1549 1558 1586 1517 1459 1458 1599 1636 1677 1727 1789 1816 1865 1917 1994 1996 2052 1861 1900 1787 1784 1733 1698 1656 1626 1611 1563 1521 1476 1499 1530 1419 1310 1380 1308 1304 1277 1267 1257 1212 1192 1163 1150 1142
673 414 611 881 752 691 673 755 953 790 733 785 1041 1014 878 863 955 1027 973 914 826 761 702 822 759 785 676 628 586 797 731 937 1049 1053 1083 1113 1163 1223 1260 1280 1339 1395 1511 1548 1513 1468 1432 1437 1543 1562 1614 1669 1746 1770 1896 1919 1952 2026 2073 2170 2056 1913 1895 1874 1793 1783 1747 1675 1611 1554 1554 1589 1510 1357 1330 1437 1385 1384 1351 1330 1345 1254 1235 1215 1185 1168 1183
434 452 517 699 575 546 522 509 519 561 543 644 723 637 590 597 597 666 575 541 544 484 498 504 489 519 542 655 805 893 1048 858 1019 1018 1067 1111 1149 1216 1270 1301 1351 1427 1480 1524 1388 1294 1368 1482 1532 1558 1615 1668 1758 1826 1866 1935 2007 2077 2171 2181 2231 2065 2071 1971 1904 1865 1781 1707 1640 1612 1645 1523 1466 1378 1394 1446 1449 1467 1402 1403 1338 1292 1260 1243 1214 1221 1209
558 746 711 616 492 381 383 403 410 435 448 507 436 424 445 449 441 447 464 466 477 469 517 605 552 555 597 827 904 987 1047 974 1044 1130 1088 1057 1122 1231 1274 1372 1506 1568 1380 1161 1235 1251 1309 1450 1552 1594 1646 1690 1864 1884 1936 2031 2150 2242 2191 2385 2260 2363 2220 2135 1976 1900 1828 1740 1723 1707 1568 1529 1411 1483 1467 1504 1540 1506 1458 1406 1446 1323 1294 1264 1271 1252 1255
459 407 468 499 378 379 385 403 414 410 416 431 430 429 441 530 563 647 653 563 560 605 655 742 735 551 533 563 592 644 1020 1042 1019 1053 1044 921 915 858 855 946 1004 1001 1038 1066 1121 1189 1254 1416 1570 1680 1793 1846 1791 1880 2004 2106 2175 2318 2333 2737 2742 2354 2205 2118 2104 1966 1901 1819 1744 1658 1630 1537 1425 1448 1530 1586 1573 1526 1486 1463 1399 1370 1328 1320 1298 1296 1279
379 371 365 385 374 445 489 585 621 526 424 450 453 449 487 545 545 569 603 633 640 681 653 794 789 781 839 887 801 607 643 654 643 671 669 691 785 789 805 878 925 977 1114 1220 1325 1258 1195 1495 1581 1676 1734 1775 1840 1899 1999 2070 2251 2422 2597 2618 2847 2356 2223 2097 2000 1932 1838 1790 1742 1679 1597 1520 1492 1538 1635 1657 1577 1533 1484 1468 1436 1398 1378 1355 1327 1330 1315
470 384 385 439 518 534 658 892 810 631 545 528 644 616 556 537 531 544 557 489 507 536 543 539 713 789 806 840 1006 910 777 707 836 900 1025 1096 1155 1181 1226 1256 1302 1342 1277 1406 1497 1545 1660 1535 1542 1586 1667 1873 1941 1993 1997 2063 2243 2547 2700 2698 2468 2312 2162 2059 1980 1901 1825 1782 1710 1686 1653 1501 1635 1656 1704 1664 1661 1628 1560 1581 1584 1510 1488 1489 1404 1380 1358
481 461 379 398 633 604 735 918 819 795 948 743 791 726 813 944 804 956 762 816 720 636 915 746 624 580 747 843 903 1044 1060 1099 1103 1105 1157 1193 1200 1238 1253 1283 1365 1404 1450 1374 1472 1517 1608 1816 1833 1800 1743 1706 1858 1961 2027 2106 2257 2543 2841 2684 2444 2292 2129 2024 1984 1916 1808 1780 1705 1688 1607 1632 1692 1772 1740 1715 1725 1735 1763 1723 1676 1643 1586 1533 1478 1413 1380
889 704 569 447 491 589 625 738 954 1178 1267 1198 1256 1039 1042 853 1081 1279 1052 1124 969 872 1165 1126 948 739 665 640 883 918 1037 1003 1043 1044 1052 1071 1103 1233 1300 1361 1390 1484 1549 1584 1505 1525 1614 1677 1774 1980 1848 1746 1767 1909 1924 2086 2235 2345 2409 2420 2398 2264 2099 2050 1975 1804 1768 1803 1810 1718 1765 1754 1790 1821 1828 1811 1809 1804 1798 1782 1729 1692 1646 1560 1490 1480 1437
944 844 743 583 544 675 927 1060 1105 1173 1317 1361 1496 1448 1191 1277 1272 1121 1442 1357 1204 1007 1393 1213 1243 1187 902 733 699 912 943 874 777 994 1044 1071 1112 1240 1352 1383 1434 1490 1595 1716 1728 1535 1667 1747 1789 2048 1951 1887 1844 1811 1958 2053 2107 2185 2339 2329 2260 2142 2195 2106 1948 1861 1884 1902 1827 1804 1803 1827 1875 1854 1902 1888 1869 1875 1805 1776 1786 1729 1657 1590 1513 1493 1457
947 763 723 604 513 531 524 611 717 835 869 1023 997 1344 1316 1544 1351 1461 1388 1505 1283 1413 1522 1561 1387 1069 880 836 644 836 926 945 840 907 999 1057 1120 1211 1367 1413 1436 1514 1602 1673 1734 1722 1733 1783 1903 2051 2065 2034 1918 1890 1959 2011 2059 2137 2289 2194 2312 2248 2362 2245 2195 2061 2047 1877 1886 1883 1845 1940 1976 1935 1978 1931 1917 1948 1906 1896 1881 1831 1791 1753 1635 1611 1577
1044 1115 940 748 488 537 872 932 862 772 655 772 885 952 1174 1269 1328 1389 1444 1455 1455 1519 1595 1392 1341 1362 1016 890 752 662 901 998 1151 796 983 1069 1107 1211 1331 1440 1500 1572 1636 1697 1783 1873 1738 1760 1828 1835 1881 1893 1858 1872 1922 1966 2036 2176 2308 2460 2553 2502 2401 2331 2166 2077 2012 1953 1902 1953 1944 2010 2058 1994 2072 2052 2025 1947 1952 1950 1947 1911 1915 1882 1884 1810 1684
1403 1108 873 622 486 484 564 827 1007 1259 1020 1000 786 767 810 899 969 1045 1062 1123 1241 1371 1342 1513 1398 1194 1119 1175 955 736 701 868 843 1102 890 912 1120 1229 1316 1401 1488 1549 1585 1656 1749 1741 1655 1744 1743 1756 1745 1720 1791 1855 1918 1941 2100 2269 2564 2710 3112 2739 2540 2331 2200 2132 2031 2061 1953 2055 2084 2184 2150 2120 2272 2101 2027 2013 1988 2054 1976 1943 1954 1941 1916 1897 1825
1179 1100 938 787 623 487 803 670 923 1123 1340 1333 1162 1128 1073 1043 1062 1100 1060 1030 1010 1212 1177 1232 1462 1315 1344 1395 1329 994 737 995 1046 1190 1076 832 934 1177 1296 1388 1474 1524 1568 1609 1653 1599 1702 1676 1554 1579 1524 1708 1780 1815 1937 1946 2142 2313 2544 2756 2842 2785 2584 2274 2033 2075 2188 2126 2123 2202 2186 2194 2154 2294 2318 2090 2093 2013 2059 2031 2023 1979 1999 1980 1922 1931 1884
1119 1076 955 743 619 487 693 990 837 820 963 1123 1344 1531 1383 1433 1344 1219 1430 1330 1107 1198 1410 1198 1488 1579 1404 1222 1031 949 763 968 1213 1141 1108 945 953 955 1060 1292 1407 1446 1485 1524 1391 1223 1289 1347 1390 1589 1635 1669 1698 1787 1857 1941 2173 2183 2340 2436 2517 2541 2298 2158 1994 2001 2186 2426 2331 2340 2388 2390 2365 2385 2354 2296 2252 2232 2180 2100 2079 2034 1996 1983 1931 1944 1890
947 966 850 686 700 487 709 1038 1142 1164 1242 1121 1085 1172 1305 1485 1397 1382 1522 1314 1165 1242 1556 1279 1583 1422 1403 1308 1317 941 784 999 1265 1215 1178 1013 1002 1028 1036 998 996 1048 1215 1118 1054 1236 1301 1388 1353 1427 1560 1609 1655 1719 1741 1778 1894 2059 2081 2214 2234 2280 2293 2149 2052 1998 2100 2233 2528 2530 2458 2365 2317 2296 2253 2229 2210 2160 2128 2095 2068 2033 1969 1921 1906 1872 1966
951 974 862 787 682 589 598 990 1087 1499 1457 1281 1473 1445 1262 1310 1380 1650 1442 1262 1464 1336 1523 1639 1602 1606 1505 1539 1366 1027 804 959 1274 1273 1216 1191 1199 1125 1127 1154 1202 1102 1102 1156 1255 1363 1619 1707 1812 1865 1807 1796 1889 1857 1870 1879 1962 2016 2003 2073 2112 2084 2152 1986 1967 2008 2195 2199 2357 2284 2263 2277 2293 2241 2155 2109 2086 2116 2084 2067 2031 2039 1998 1956 1882 1842 1823
1093 1196 1026 784 682 634 607 838 1058 1370 1521 1524 1572 1445 1589 1560 1589 1429 1480 1562 1500 1396 1537 1564 1409 1444 1422 1385 1177 1061 873 854 1066 1318 1281 1233 1235 1239 1255 1316 1330 1417 1453 1495 1408 1438 1411 1495 1569 1676 1711 1805 1896 2054 1963 1847 1922 1988 1977 1951 2076 1969 1940 1910 1901 1895 1990 2108 2186 2117 2132 2210 2290 2206 2173 2095 2059 1969 1988 2060 1977 1978 1976 1930 1901 1881 1863
1223 1280 1080 918 831 625 542 780 854 1001 1244 1302 1392 1221 1115 1216 1187 1171 1280 1331 1390 1347 1355 1338 1376 1448 1415 1322 1233 1113 1309 1042 978 940 1122 1154 1211 1311 1284 1317 1369 1440 1468 1520 1564 1589 1585 1532 1564 1613 1698 1799 1865 1964 1980 1917 1912 1883 1949 2012 2031 2025 1937 1858 1837 1848 1914 1940 1999 2033 2085 2150 2178 2165 2126 2070 2033 1995 1906 1873 1838 1788 1875 1863 1864 1854 1822
1120 1189 1020 932 833 768 611 598 796 738 875 980 1027 953 973 945 971 998 1091 1135 1195 1169 1242 1326 1494 1643 1459 1362 1362 1367 1252 994 1108 1295 1107 1281 1180 1220 1231 1313 1369 1450 1492 1578 1622 1655 1687 1782 1719 1622 1671 1752 1808 1840 1925 1923 1889 1856 2041 2004 1945 2035 1961 1810 1797 1815 1820 1816 1919 1952 2016 2060 2095 2082 2088 2058 2018 1957 1916 1860 1766 1733 1699 1706 1826 1805 1786
1360 1237 1090 1047 982 883 775 661 570 807 746 721 735 771 831 1067 1089 1060 999 1065 1050 1138 1214 1277 1524 1629 1499 1612 1552 1438 1364 1195 1022 1308 1350 1289 1204 1175 1180 1239 1314 1374 1476 1533 1608 1673 1702 1793 1885 1817 1814 1863 1850 1836 1824 1827 1845 1888 1788 1737 1682 1704 1809 1723 1741 1678 1698 1745 1867 1902 2018 2064 2066 2078 2087 1998 1984 1922 1921 1855 1835 1746 1717 1738 1572 1699 1762
1401 1260 1419 1224 1056 949 842 719 742 645 699 954 1091 1209 1252 1338 1392 1336 1288 1041 1067 1115 1200 1321 1652 1541 1486 1495 1503 1414 1376 1327 1187 1073 1252 1327 1254 1276 1194 1214 1261 1270 1289 1406 1522 1585 1644 1704 1742 1745 1764 1806 1852 1935 1820 1791 1811 1878 1734 1702 1676 1824 1700 1654 1657 1671 1797 1997 1979 2036 1890 2012 1965 2049 2063 2046 2000 1942 1818 1844 1763 1714 1678 1641 1619 1496 1490
1496 1505 1348 1072 1029 951 892 775 915 888 765 643 818 976 1035 952 1068 1365 1505 1289 1256 1074 1131 1236 1300 1309 1401 1443 1437 1466 1449 1402 1397 1344 1258 1286 1332 1405 1372 1280 1305 1301 1271 1379 1436 1494 1550 1598 1627 1672 1715 1790 1799 1845 1796 1758 1744 1701 1681 1673 1661 1808 1799 1654 1661 1682 1768 1826 1833 1919 1860 1902 1936 2011 2057 2159 2044 2016 1946 1835 1780 1750 1653 1620 1593 1603 1565
