test_cases/Oregon_test_case/Oregon_large_test/terrain/background_srtm_data/srtm30_dem_or.asc
ncols         240
nrows         239
xllcorner     -123
yllcorner     43
cellsize      0.008333333333
NODATA_value  -9999
[rows 39 to 77 of 239, columns 87 to 173 of 240]
1120 846 945 1056 1229 1236 1106 846 641 798 1118 754 937 826 639 547 565 589 734 945 966 1011 1153 1108 1072 1082 989 957 875 941 1084 1136 1296 1352 1472 1214 915 765 736 749 769 810 946 956 967 966 1016 1063 1117 1175 1251 1396 1643 1854 2099 2393 2499 2379 2242 2149 1935 1876 1804 1655 1540 1493 1462 1519 1767 1879 1807 1746 1644 1525 1342 1214 1153 1091 971 1046 866 777 730 813 875 1116 1065
1053 844 1057 1186 1242 1193 1118 885 823 1110 1205 1011 1217 1207 857 765 590 620 796 827 915 973 900 935 946 1022 1102 1087 1122 1014 1124 1302 1362 1390 1408 1403 1088 927 739 825 901 817 827 891 943 1003 1237 1327 1346 1437 1285 1209 1451 1715 1944 2178 2170 2159 2069 1982 1916 1836 1768 1603 1479 1415 1349 1337 1487 1840 1907 1777 1618 1420 1258 1171 1147 1107 935 797 736 910 874 972 1194 1296 1274
1159 1037 1301 1255 1180 1082 910 874 778 984 931 1258 1357 1103 924 758 598 662 596 632 725 724 829 860 932 1064 1203 1375 1314 1109 1126 1252 1248 1242 1233 1322 1409 1178 900 766 900 934 1120 1377 1352 1136 1057 1236 1491 1627 1675 1292 1399 1715 1883 1935 1998 2102 1944 1871 1753 1642 1631 1561 1455 1428 1350 1240 1265 1652 1776 1650 1515 1354 1220 1143 998 1016 852 764 915 889 1035 1106 1257 1223 1264
932 957 1097 983 1229 1148 1156 917 789 1119 1148 1235 1368 1143 977 744 713 651 655 654 711 863 957 1039 1074 1098 1268 1604 1405 1216 1243 1567 1429 1332 1239 1199 1200 1277 941 759 875 954 1122 1403 1541 1312 1398 1271 1229 1450 1556 1640 1324 1614 1781 1814 1890 1982 1860 1790 1604 1523 1493 1472 1453 1459 1357 1254 1165 1313 1649 1564 1399 1268 1187 1151 1140 1057 971 829 766 942 1013 1138 1411 1335 1259
782 800 948 923 1121 1173 1038 1033 886 1212 1352 1295 1341 1030 846 835 819 767 803 723 726 779 912 999 1151 1395 1329 1643 1443 1239 1489 1781 1501 1384 1462 1360 1082 1013 823 739 782 927 1155 1433 1508 1513 1534 1585 1415 1471 1540 1636 1601 1558 1618 1793 1768 1824 1865 1682 1782 1781 1699 1602 1375 1289 1242 1203 1150 1137 1429 1417 1318 1204 1155 1095 1082 1060 1047 1045 785 828 973 1239 1423 1348 1368
785 860 880 1059 1210 1216 1197 1093 1053 1137 1362 1280 1208 1017 1060 959 810 907 922 738 706 797 889 1047 1147 1276 1471 1744 1442 1475 1661 1416 1360 1336 1362 1302 1049 876 774 783 806 843 891 1070 1374 1486 1542 1591 1567 1507 1497 1570 1691 1843 1839 1803 1758 1835 1673 1698 1636 1502 1476 1455 1377 1313 1341 1273 1150 1131 1102 1295 1227 1162 1114 1097 1074 1053 1068 1026 984 798 970 1130 1372 1325 1311
964 910 1077 988 1144 1262 1227 1241 1236 1269 1263 1290 1165 1093 992 969 977 1009 953 839 753 829 979 1104 1129 1259 1346 1518 1422 1357 1400 1323 1294 1302 1187 1234 1057 795 761 795 874 1082 1195 1064 968 1036 1114 1243 1367 1452 1515 1561 1666 1798 1780 1857 1845 1663 1578 1579 1539 1512 1431 1435 1660 1581 1470 1315 1230 1148 1079 1178 1170 1113 1088 1068 1076 1063 1010 852 787 862 958 1183 1413 1422 1345
1100 1256 1224 1071 1253 1143 1198 1221 1190 1226 1153 1131 1206 1243 1191 1220 1154 1246 1146 1097 935 734 945 997 1056 1164 1408 1582 1376 1211 1269 1212 1192 1282 1111 965 877 798 812 821 840 1017 1183 1283 1401 1501 1509 1505 1485 1521 1585 1709 1684 1675 1672 1745 1944 1852 1842 1894 1725 1793 1769 1718 1658 1570 1448 1342 1160 1178 1036 1128 1166 1092 1077 1069 1026 1011 966 834 820 960 1134 1390 1478 1445 1293
1051 1240 1024 957 1122 1070 1065 1009 1071 1010 948 1010 1137 1281 1378 1347 1259 1383 1243 1103 861 967 967 1015 1147 1219 1332 1406 1264 1357 1239 1163 1082 1140 1058 912 815 976 993 850 812 841 1089 1319 1407 1475 1503 1565 1611 1620 1560 1520 1467 1521 1621 1734 1817 1943 1798 1772 1737 1613 1549 1596 1599 1541 1414 1292 1156 1108 995 999 1098 1121 1064 1070 1050 1013 1005 803 903 1045 1282 1538 1458 1326 1237
1097 989 1074 844 918 810 839 810 802 833 944 967 1055 1115 1148 1201 1266 1432 1233 1038 1046 1187 1071 1082 1075 1153 1237 1306 1328 1303 1276 1198 1174 923 960 872 1118 1109 1059 955 830 867 857 988 1058 1239 1266 1355 1311 1345 1288 1356 1497 1584 1683 1738 1808 1857 1745 1599 1515 1454 1377 1393 1374 1327 1283 1337 1216 1096 1008 970 970 1127 1058 1067 1054 996 822 859 1049 1120 1326 1412 1416 1292 1212
972 780 682 697 870 984 1054 938 870 919 910 939 960 976 1029 1110 1251 1408 1249 1136 1129 1274 1224 1167 1136 1094 1108 1189 1215 1158 1097 1102 1047 989 946 893 1067 1135 1167 1143 1102 889 959 921 923 1036 1151 1239 1256 1310 1354 1448 1563 1606 1675 1764 1856 1811 1733 1632 1580 1438 1406 1344 1226 1207 1164 1132 1124 1100 997 1010 939 967 988 928 910 889 817 994 1094 1326 1470 1419 1335 1245 1148
720 807 961 846 1080 1182 973 1030 1068 1054 1024 1166 1269 994 1021 1033 1130 1241 1403 1283 1324 1383 1382 1201 1102 1120 1170 1107 1064 984 982 995 959 924 1042 1159 1167 1151 1194 1220 1250 1256 1197 1008 996 1075 1129 1137 1199 1334 1390 1436 1487 1605 1772 1906 1881 1805 1670 1670 1635 1703 1637 1535 1480 1384 1318 1295 1217 1197 1102 985 939 902 887 878 859 854 837 952 1132 1396 1417 1394 1323 1253 1149
981 898 957 1206 1295 1252 1106 1272 1151 1043 1113 1134 1122 1068 1093 1233 1255 1300 1368 1397 1355 1286 1304 1377 1351 1250 1255 1216 1183 1156 1080 997 1020 1051 1069 1169 1171 1180 1196 1271 1294 1367 1334 1296 1234 1345 1338 1303 1278 1317 1355 1524 1569 1609 1666 1804 1924 1804 1724 1858 1796 1729 1642 1552 1419 1322 1250 1199 1196 1074 1046 1029 999 1024 932 874 859 850 842 965 1184 1418 1391 1375 1335 1275 1222
1037 1147 937 1135 1341 1265 1261 1347 1281 1176 1203 1184 1244 1373 1185 1244 1275 1246 1149 1234 1246 1141 1236 1258 1338 1424 1283 1246 1157 1153 1139 1156 1097 909 1065 1146 1173 1209 1244 1292 1352 1416 1392 1326 1291 1399 1484 1476 1370 1267 1267 1381 1556 1611 1679 1759 1902 1709 1631 1564 1619 1625 1546 1464 1349 1275 1216 1225 1167 1098 1062 978 976 949 943 879 914 949 850 952 1247 1391 1353 1333 1302 1261 1240
1215 1296 1103 1105 1295 1272 1131 1209 1283 1385 1156 1115 1141 1215 1228 1284 1250 1298 1063 978 971 1048 1052 1189 1181 1289 1356 1284 1167 1199 1323 1195 1111 944 1149 1138 1165 1215 1268 1343 1414 1473 1436 1373 1402 1454 1552 1505 1403 1349 1269 1317 1533 1762 1729 1851 1804 1821 1749 1670 1562 1443 1385 1306 1274 1264 1250 1127 1162 1096 995 978 948 910 889 967 938 875 872 999 1342 1415 1411 1348 1335 1299 1248
1081 1180 1323 1275 1266 1201 1006 1163 1240 1135 1015 979 1028 1064 1115 1174 1070 1050 981 900 895 949 1028 1076 1141 1157 1316 1224 1230 1335 1296 1262 1194 940 1146 1187 1193 1246 1298 1408 1522 1527 1464 1466 1474 1536 1585 1636 1468 1400 1352 1384 1431 1689 1778 1793 1824 1646 1597 1638 1587 1565 1492 1363 1270 1197 1134 1087 1048 1031 1013 968 949 1009 1015 990 954 846 905 1176 1447 1396 1371 1316 1281 1139 1105
840 1261 1121 1214 1006 933 788 908 1019 1091 846 846 929 1059 1080 957 866 754 943 842 832 897 979 1042 1013 1054 1093 1098 1149 1215 1256 1151 1053 957 1124 1168 1223 1271 1317 1428 1570 1687 1585 1556 1619 1579 1724 1605 1609 1511 1394 1432 1449 1581 1748 1749 1595 1579 1525 1500 1501 1477 1404 1295 1206 1119 1095 1057 1027 990 992 952 961 998 1076 1011 956 849 963 1292 1469 1429 1362 1305 1279 1217 1201
781 829 779 816 734 716 629 717 830 842 717 770 857 884 854 707 755 863 893 941 930 1019 1119 1172 1250 1341 1169 1248 1150 1122 1126 1106 1037 982 1132 1166 1220 1256 1306 1405 1519 1620 1663 1565 1618 1679 1719 1673 1605 1497 1495 1524 1546 1600 1654 1713 1644 1509 1436 1382 1299 1322 1332 1288 1139 1048 1024 997 980 984 957 949 944 958 1062 1017 901 869 983 1349 1435 1427 1371 1325 1290 1192 1109
558 578 551 625 751 750 697 656 585 603 768 743 748 703 728 771 864 936 995 1032 1064 1164 1148 1388 1540 1386 1297 1187 1222 1210 1181 1121 1079 1018 1143 1211 1214 1273 1304 1372 1431 1403 1433 1491 1533 1598 1665 1659 1575 1578 1583 1623 1651 1660 1681 1626 1612 1610 1558 1527 1451 1401 1307 1200 1182 1034 987 972 955 942 940 931 924 930 930 966 972 875 964 1337 1420 1403 1333 1323 1263 1224 1177
672 850 897 826 1024 981 755 613 731 675 659 583 616 704 973 1027 983 1005 1104 1218 1238 1308 1279 1545 1524 1495 1389 1382 1289 1226 1200 1207 1063 1090 1138 1129 1189 1220 1259 1271 1305 1344 1404 1477 1561 1655 1638 1564 1631 1678 1693 1681 1777 1764 1677 1600 1554 1474 1391 1297 1250 1214 1165 1198 1133 1067 996 976 961 946 926 918 908 906 897 894 1025 890 951 1307 1427 1389 1381 1319 1279 1245 1202
587 796 982 1046 1093 1033 789 798 843 808 807 811 801 671 798 893 857 897 960 1056 1158 1268 1366 1683 1452 1240 1287 1240 1157 1124 1247 1237 1110 1115 1128 1112 1127 1155 1229 1194 1291 1345 1378 1462 1599 1572 1573 1634 1697 1760 1854 1857 1882 1694 1681 1661 1640 1609 1568 1493 1437 1347 1239 1162 1110 1018 991 985 966 941 928 915 905 897 898 883 899 928 942 1184 1455 1387 1347 1284 1268 1210 1185
864 692 753 1006 1150 992 889 956 1099 1047 1034 1122 884 715 654 696 779 894 968 1042 1156 1288 1426 1306 1231 1315 1129 1136 1144 1130 1109 1183 1166 1155 1182 1163 1177 1225 1263 1294 1337 1390 1435 1451 1472 1503 1517 1591 1654 1763 1912 1878 1764 1797 1887 1754 1683 1608 1524 1404 1322 1243 1173 1147 1106 1052 1039 988 971 952 943 931 920 908 901 908 923 934 990 1162 1445 1405 1377 1312 1260 1216 1181
994 937 775 1050 1236 1081 1080 1077 1194 1152 1072 930 824 918 805 687 874 1008 1030 1108 1216 1303 1398 1370 1281 1215 1125 1154 1174 1128 1117 1130 1138 1159 1200 1201 1249 1275 1306 1327 1386 1439 1476 1538 1552 1566 1574 1580 1655 1747 1876 2149 1934 2036 1916 1752 1633 1513 1428 1337 1234 1166 1110 1066 1035 1020 992 981 973 980 933 920 912 914 913 909 896 941 975 1142 1483 1438 1413 1347 1278 1222 1195
1246 1182 1028 1097 1183 1079 1144 1261 1203 1118 1088 1038 990 872 728 786 866 934 977 1064 1244 1408 1401 1316 1281 1217 1245 1388 1311 1200 1193 1121 1151 1151 1178 1157 1186 1231 1318 1364 1420 1476 1545 1613 1683 1664 1660 1700 1696 1758 1870 2087 1882 1719 1721 1725 1554 1454 1389 1350 1318 1279 1154 1087 1056 1016 1003 984 1015 950 933 919 927 912 913 910 914 936 973 1111 1467 1416 1370 1327 1271 1217 1161
1276 1176 1151 1132 1061 1025 1106 1191 1390 1224 1135 1023 1094 919 854 860 1019 1107 1129 1197 1273 1395 1712 1648 1431 1433 1374 1309 1304 1178 1212 1134 1146 1101 1145 1151 1155 1217 1283 1377 1438 1497 1575 1659 1860 1754 1663 1636 1700 1742 1824 1856 1709 1656 1603 1570 1514 1470 1439 1406 1374 1308 1245 1210 1097 1014 1012 1013 963 947 942 933 923 923 917 914 931 971 990 1137 1443 1386 1347 1321 1244 1244 1197
1044 919 948 986 942 1066 1191 1230 1389 1152 1086 1253 1194 1043 962 821 1017 1019 1217 1236 1340 1623 1465 1376 1252 1243 1285 1290 1247 1118 1053 1087 1101 1099 1138 1136 1141 1217 1262 1354 1424 1488 1565 1605 1625 1647 1617 1592 1599 1696 1714 1755 1628 1549 1518 1431 1404 1351 1284 1202 1146 1169 1148 1188 1120 1074 1033 996 970 953 947 936 929 927 922 906 928 966 1064 1126 1411 1352 1291 1313 1292 1268 1253
1128 877 745 843 956 1084 1227 1302 1372 1441 1327 1331 1199 1030 863 890 910 961 1088 1221 1375 1625 1534 1439 1218 1151 1121 1089 1151 1169 1097 1076 1061 1074 1071 1105 1152 1179 1251 1291 1375 1439 1479 1490 1548 1496 1584 1618 1544 1576 1628 1740 1675 1586 1568 1455 1449 1376 1339 1310 1291 1267 1255 1206 1096 1018 997 982 972 958 948 936 937 925 916 920 925 962 1121 1159 1320 1297 1240 1263 1242 1235 1261
710 737 648 829 951 1057 1174 1231 1300 1328 1334 1343 1267 1127 897 1104 1058 1065 1000 1103 1241 1322 1464 1516 1434 1345 1197 1180 1117 1121 1112 1075 1027 1034 1058 1107 1152 1189 1190 1150 1180 1233 1335 1285 1296 1406 1454 1476 1489 1540 1602 1632 1644 1534 1462 1440 1423 1382 1370 1360 1376 1341 1244 1131 1056 1035 1013 995 977 963 945 945 938 919 931 929 927 941 1142 1148 1263 1233 1180 1206 1189 1196 1258
1014 636 721 778 867 979 1044 1170 1260 1239 1222 1182 1201 1108 988 1077 1198 1166 1102 1179 1197 1237 1268 1243 1199 1199 1188 1205 1184 1136 1034 1023 1014 1057 1085 1106 1132 1149 1180 1171 1178 1204 1298 1219 1222 1264 1266 1313 1406 1507 1520 1526 1549 1590 1478 1534 1464 1512 1479 1439 1382 1316 1213 1185 1172 1116 1052 1034 986 968 975 948 941 943 927 944 974 1000 1026 1136 1195 1209 1158 1143 1145 1160 1197
838 491 586 736 938 1109 1062 1006 1000 963 995 1090 1211 1124 1055 1180 1247 1407 1189 1256 1663 1554 1570 1503 1453 1280 1177 1172 1153 1189 1111 1066 1030 1039 1056 1090 1141 1174 1253 1339 1276 1289 1308 1416 1516 1507 1414 1373 1491 1453 1470 1483 1454 1433 1412 1344 1344 1310 1309 1338 1376 1290 1115 1045 1050 1089 1124 1046 1009 994 983 969 981 996 1055 1109 1097 1098 1106 1148 1157 1193 1151 1111 1140 1115 1131
500 560 818 994 985 907 832 818 825 934 1099 1245 1347 1199 1180 1211 1420 1562 1219 1465 1588 1414 1307 1324 1181 1085 1014 1011 1017 1060 1088 1088 1041 1036 1052 1109 1145 1192 1252 1279 1323 1348 1332 1390 1441 1476 1503 1512 1444 1461 1473 1491 1482 1429 1426 1388 1309 1272 1190 1124 1064 1080 1117 1136 1148 1149 1142 1051 1034 1012 1006 995 1018 1144 1292 1370 1319 1321 1254 1219 1151 1105 1141 1109 1105 1109 1097
588 754 852 902 832 697 646 770 891 1018 1197 1482 1356 1223 1388 1455 1424 1428 1461 1592 1545 1272 1129 1065 1032 1021 1024 1155 1117 980 1034 1036 985 1008 1038 1076 1142 1184 1261 1352 1393 1450 1408 1413 1448 1533 1570 1585 1462 1457 1479 1479 1448 1438 1411 1378 1333 1267 1258 1160 1202 1208 1166 1175 1188 1167 1097 1053 1038 1043 1041 1022 1047 1233 1434 1637 1715 1587 1451 1299 1189 1120 1085 1083 1076 1109 1099
604 551 525 630 567 775 910 940 1095 1249 1327 1214 1200 1227 1333 1340 1283 1256 1229 1287 1150 1082 1114 1308 1502 1294 1227 1224 1186 1074 1031 1001 983 998 1050 1058 1101 1184 1287 1344 1399 1411 1445 1446 1458 1502 1582 1475 1670 1467 1458 1450 1452 1419 1391 1373 1362 1323 1290 1271 1272 1272 1226 1253 1159 1114 1076 1047 1035 1026 1025 1022 1024 1156 1383 1572 1802 1807 1542 1307 1182 1104 1061 1067 1065 1095 1120
1079 781 757 625 531 669 895 943 1044 1021 1062 1062 1016 1087 1120 1274 1641 1592 1422 1363 1139 1458 1474 1473 1601 1378 1281 1149 1150 1065 1056 1035 988 988 1038 1080 1142 1232 1309 1388 1499 1627 1413 1408 1417 1445 1468 1459 1446 1439 1440 1438 1438 1405 1393 1361 1353 1303 1293 1447 1523 1373 1283 1149 1108 1084 1077 1054 1044 1032 1029 1023 1021 1041 1163 1230 1419 1453 1351 1217 1153 1090 1052 1041 1074 1097 1099
1149 1178 1120 813 713 553 764 837 843 817 837 844 885 964 1082 1151 1318 1372 1509 1561 1238 1510 1581 1534 1319 1368 1327 1191 1111 1074 1066 1004 961 965 1012 1070 1150 1235 1331 1413 1440 1524 1429 1403 1401 1422 1431 1431 1425 1428 1437 1461 1436 1414 1397 1423 1426 1479 1489 1637 1456 1331 1223 1172 1134 1123 1118 1090 1064 1052 1040 1031 1033 1026 1043 1045 1106 1132 1128 1081 1046 1049 1020 1017 1018 1045 1044
1360 1320 1072 891 763 734 678 710 768 937 1069 1082 1102 989 1072 1089 1179 1200 1286 1379 1500 1609 1504 1408 1250 1171 1139 1148 1107 1084 1046 1051 1029 930 984 1037 1139 1231 1310 1358 1401 1401 1404 1390 1411 1417 1436 1415 1417 1442 1471 1482 1493 1472 1478 1470 1479 1615 1536 1558 1391 1306 1231 1187 1158 1149 1129 1109 1089 1067 1057 1047 1028 1017 1016 1031 1024 1011 1035 989 992 994 1014 997 986 1011 1026
1281 1168 1085 938 937 885 700 718 868 933 1208 1251 1289 1221 1042 1276 1235 1207 1170 1147 1269 1403 1412 1437 1467 1334 1211 1124 1049 1102 1110 1051 1049 966 986 1049 1112 1181 1234 1302 1415 1355 1417 1472 1509 1489 1446 1410 1454 1490 1535 1551 1572 1556 1547 1517 1481 1416 1436 1412 1361 1300 1228 1259 1218 1166 1157 1154 1145 1123 1087 1056 1051 1051 1030 1026 1019 1015 1019 1000 994 988 984 979 978 986 1010
1309 1270 1128 1066 1090 1056 1084 931 1008 1150 1241 1361 1246 1217 1166 1257 1276 1285 1275 1174 1107 1021 1101 1118 1140 1155 1106 1106 1116 1147 1131 1076 1109 934 995 1073 1119 1154 1212 1260 1294 1320 1372 1386 1381 1391 1363 1440 1495 1571 1637 1680 1655 1642 1620 1570 1487 1445 1394 1331 1317 1299 1296 1323 1242 1221 1224 1204 1211 1180 1149 1089 1051 1040 1030 1024 1017 1002 1010 999 997 986 986 986 988 980 986
1271 1438 1235 1128 1192 1264 1045 1032 992 1128 1177 1269 1340 1268 1245 1299 1325 1324 1488 1277 1162 1278 1125 997 932 873 907 1083 1121 1143 1179 1157 934 881 1032 1052 1085 1113 1153 1194 1207 1261 1309 1301 1317 1344 1417 1472 1565 1612 1695 1854 1731 1716 1616 1563 1564 1511 1471 1415 1370 1324 1266 1254 1241 1235 1257 1284 1243 1185 1127 1104 1072 1053 1049 1030 1015 1007 1007 1005 1001 992 986 987 983 981 976
