test_cases/Oregon_test_case/Oregon_large_test/terrain/background_srtm_data/srtm30_dem_or.asc
ncols         240
nrows         239
xllcorner     -123
yllcorner     43
cellsize      0.008333333333
NODATA_value  -9999
[rows 78 to 116 of 239, columns 0 to 86 of 240]
264 205 176 317 333 360 294 278 202 157 178 241 319 285 310 338 377 220 168 159 158 286 329 278 231 229 217 195 183 187 251 253 309 449 537 614 621 605 560 569 572 519 532 539 550 523 525 500 441 457 452 462 346 452 686 793 1010 938 880 888 884 864 867 811 839 986 1010 947 1020 1101 1098 986 897 810 634 534 506 691 878 888 864 887 870 990 1019 1134 1103
287 286 242 333 411 461 429 371 304 240 279 200 253 232 281 379 289 197 169 160 161 238 393 322 266 281 297 267 292 200 192 253 292 382 514 603 606 633 633 660 583 577 585 639 599 603 517 626 815 713 680 730 537 482 503 698 634 687 830 928 964 972 890 1019 990 974 1091 1113 1135 1084 973 884 824 817 723 572 586 508 616 748 743 1023 1153 1314 1259 1411 1159
247 273 361 315 442 619 539 441 372 326 299 282 364 332 407 441 309 231 210 184 186 183 294 374 349 391 436 392 316 297 235 221 244 276 353 480 495 644 706 657 661 714 650 669 648 612 811 764 875 941 907 925 784 656 676 537 448 649 776 757 997 1095 1072 1108 1169 1123 1190 1280 1184 1047 960 864 779 737 651 607 650 862 791 581 811 1072 1090 1065 1151 1274 1356
211 150 263 370 428 482 565 540 509 477 413 399 531 622 629 405 351 349 389 211 344 198 321 374 386 414 515 365 379 386 333 331 272 218 208 261 339 369 435 529 542 706 747 696 788 963 941 900 926 1037 1021 986 675 846 919 721 764 543 487 638 830 842 779 832 1045 1183 1269 1260 1298 1112 984 928 846 800 688 602 765 981 933 784 820 986 879 976 1129 1203 1351
127 177 312 359 363 362 485 577 635 532 483 599 600 745 636 444 630 480 431 243 362 284 273 278 372 351 457 493 481 480 425 414 387 363 312 288 223 232 285 329 411 675 573 619 624 866 629 728 942 918 987 1051 975 926 986 951 731 715 811 718 613 630 812 939 1010 940 1123 1121 1107 1166 1015 914 872 793 712 616 890 1062 965 784 737 731 804 977 1075 1270 1251
128 140 168 258 299 414 339 379 465 610 675 754 756 657 642 708 515 499 374 330 371 296 336 377 363 372 384 579 698 594 543 557 567 484 492 395 340 328 309 286 270 259 345 336 457 566 427 476 580 795 1002 1078 1064 1176 1187 1062 951 904 1029 880 749 833 652 728 760 789 842 868 946 1274 1166 1032 1046 908 808 707 843 1162 1071 1058 993 813 1080 1042 1090 1170 1152
141 146 156 170 198 285 287 400 477 529 755 731 707 552 460 617 612 497 524 441 338 295 309 441 601 581 563 715 666 734 739 688 771 694 599 588 578 460 428 391 416 402 479 439 311 285 397 500 638 852 791 843 876 1132 883 937 1133 1153 1132 1067 971 986 847 775 782 749 880 855 954 1099 1195 1152 1024 984 836 802 941 1234 1379 1221 998 1133 1266 1048 1205 1261 967
140 190 190 215 249 312 377 467 583 777 710 558 532 483 389 516 616 472 487 443 424 347 438 443 504 576 616 538 506 583 562 559 677 763 760 737 780 646 502 510 622 613 620 604 501 509 438 356 385 540 554 565 914 721 672 887 1053 833 958 923 1023 1122 961 799 916 1012 1038 1148 1184 1129 1163 1061 1056 1028 1106 1061 863 969 1091 1291 1095 1142 1377 1247 1294 1333 1122
128 158 225 287 365 592 675 807 806 664 675 644 474 397 495 413 506 418 431 408 404 376 326 297 316 438 457 369 383 421 397 428 467 538 550 639 734 774 765 789 825 829 783 720 592 564 565 558 442 376 374 447 645 596 733 605 891 884 609 619 831 772 869 1140 1118 1170 1225 1194 1011 1024 947 1045 965 1074 1243 1203 1268 1178 1324 1414 1347 1351 1351 1436 1334 1304 1350
132 214 274 336 344 492 652 736 727 607 520 518 518 479 359 385 404 320 436 394 377 450 342 288 291 311 348 315 336 308 300 320 321 356 408 477 611 684 690 653 714 727 910 732 754 722 686 526 686 604 490 422 406 411 405 473 585 647 584 625 699 656 794 842 973 1199 1165 1105 889 853 824 821 916 1129 1122 1056 1187 981 1242 1101 1192 1395 1309 1184 1267 1010 972
125 239 322 393 421 479 598 724 760 604 478 481 373 345 352 292 306 400 399 316 343 383 353 297 232 300 253 261 250 279 324 338 356 319 349 410 474 549 585 564 648 777 955 929 891 814 767 767 876 792 674 617 492 694 656 519 465 436 499 561 537 560 651 808 1061 1089 894 1094 827 752 762 829 1011 1092 1088 956 984 857 1011 950 1260 1147 928 1178 1101 1150 882
203 366 451 472 501 587 763 892 809 721 667 549 493 456 369 301 264 290 324 420 299 273 266 263 262 221 257 266 352 335 457 515 483 448 502 386 363 463 455 544 776 864 1022 963 909 873 954 961 1077 994 920 929 612 850 904 687 743 753 536 430 516 579 783 770 911 787 669 784 809 774 703 765 841 880 1089 990 749 774 999 1123 1270 998 898 746 961 1071 824
226 351 513 708 744 811 963 858 803 717 624 574 538 491 421 381 325 283 335 365 305 248 205 236 209 258 305 356 428 524 539 638 659 781 610 626 445 352 470 564 577 658 764 778 768 785 779 954 972 1087 1101 984 776 981 1040 966 874 962 839 661 485 589 467 508 532 663 607 711 593 633 596 579 658 676 729 714 707 860 1034 1177 1413 1230 964 991 862 612 770
389 481 592 653 878 920 899 838 863 711 662 585 531 477 400 382 349 296 232 403 320 271 202 208 292 292 322 455 482 536 634 765 776 864 776 642 519 534 460 529 460 451 497 552 624 595 665 811 844 973 1111 1037 1006 1033 928 948 1012 1059 1040 706 613 786 770 840 729 726 535 645 771 599 736 691 761 820 806 918 923 1096 1169 1307 1329 1301 1347 1398 1124 953 654
559 667 669 898 851 753 643 634 699 839 760 665 618 485 435 393 330 300 226 309 273 191 268 421 431 371 482 470 481 519 657 616 632 811 627 633 569 634 604 440 527 690 643 730 751 743 921 863 974 1094 1043 957 900 730 661 877 995 859 805 887 868 951 930 932 1009 940 774 916 880 767 886 864 955 957 896 1155 1125 1289 1379 1368 1060 1083 991 977 989 947 766
732 971 888 762 657 666 593 484 665 647 603 557 524 492 461 427 333 269 243 244 190 226 273 339 411 406 330 327 346 480 545 543 565 611 845 752 715 651 675 494 540 682 694 777 888 927 1038 1038 1050 1047 945 910 818 819 558 812 970 936 692 560 751 644 970 895 691 784 837 789 785 880 946 1099 1098 1326 1136 1230 1349 1190 1033 937 1176 1146 800 677 1015 721 662
652 742 782 700 633 575 547 420 455 466 423 453 410 503 486 433 344 327 252 180 179 214 227 272 292 308 291 369 402 415 530 461 414 546 588 585 526 614 620 678 633 718 727 774 821 861 964 1061 1093 999 902 777 677 672 505 720 944 873 757 566 565 653 623 641 548 713 685 753 850 650 775 671 934 994 1208 1242 1311 1229 1033 837 767 832 975 712 729 922 731
774 961 820 699 526 471 409 402 343 331 311 321 313 341 415 452 287 208 192 175 210 273 312 299 245 275 306 286 313 317 373 380 372 473 423 439 440 454 518 556 590 663 873 1007 1005 1015 888 874 920 982 923 831 718 667 513 619 894 766 604 706 529 494 553 552 564 652 829 847 708 532 700 801 849 1055 1044 840 1025 959 1120 890 553 730 751 535 771 627 834
822 834 832 829 848 744 584 530 439 333 301 262 231 213 286 371 286 266 172 175 183 187 190 210 229 269 300 275 278 286 298 263 337 358 377 324 444 429 417 448 532 590 734 785 852 890 806 767 654 849 960 860 861 650 520 467 712 610 645 437 470 594 702 748 738 746 743 633 483 669 864 966 1051 1127 1118 1050 737 635 838 574 615 692 477 746 756 557 667
744 773 588 662 677 670 534 565 456 406 358 275 239 194 196 274 202 165 176 217 227 272 257 317 273 309 402 397 343 359 374 357 315 403 362 456 444 473 540 548 569 610 735 718 644 688 636 547 624 791 825 710 691 616 577 448 528 512 447 519 614 478 648 701 607 613 497 588 729 591 750 875 797 1076 949 719 898 691 664 678 438 600 687 488 503 522 387
578 559 528 453 454 471 456 446 475 360 274 256 250 232 173 180 164 168 179 196 224 217 261 318 367 399 559 525 554 495 454 438 445 555 509 485 605 688 669 697 675 719 761 673 550 552 601 518 412 553 710 761 650 497 491 535 403 428 547 568 395 545 524 385 414 614 573 611 509 680 751 847 693 904 612 609 725 785 545 522 403 399 405 493 601 446 425
574 599 543 410 360 367 399 353 347 348 287 253 159 158 157 160 165 227 245 256 255 317 318 336 335 308 472 494 640 672 603 585 653 708 657 755 646 721 780 749 787 860 736 665 504 411 478 478 404 443 550 636 572 600 415 306 373 526 420 398 539 487 511 635 658 614 702 780 709 644 637 766 652 528 578 618 516 594 485 425 527 683 528 481 443 376 369
530 672 657 499 397 252 298 257 259 274 189 155 153 155 313 286 329 362 395 371 331 376 582 561 495 501 454 502 630 649 725 663 715 788 958 877 751 629 710 725 688 716 779 658 531 452 449 364 491 328 410 410 373 379 408 356 350 387 475 622 667 724 772 734 620 680 978 973 905 651 663 809 907 812 571 442 369 324 327 347 391 343 339 335 349 360 393
426 581 624 560 463 321 221 203 183 173 156 154 157 190 230 272 324 399 439 446 534 512 718 733 717 713 673 697 713 739 790 810 814 769 696 621 576 588 585 664 546 630 703 660 546 449 304 321 271 238 249 246 257 288 304 274 416 586 764 727 693 464 623 612 476 598 662 717 896 842 988 837 745 658 531 421 309 350 330 340 344 351 384 415 483 526 598
359 571 699 616 555 531 448 311 205 154 151 152 152 167 367 441 412 379 391 409 377 356 422 560 580 615 657 619 605 667 691 753 761 706 581 513 418 458 595 621 495 506 556 492 496 374 220 289 303 315 311 311 246 250 357 357 401 536 431 483 413 435 451 362 628 776 667 588 758 723 917 696 577 489 447 311 509 557 491 513 475 631 658 561 793 908 959
553 609 627 541 411 444 304 226 149 148 147 151 171 279 343 388 326 280 264 302 278 294 306 346 375 508 527 514 613 628 729 781 707 675 636 641 515 333 396 473 512 362 401 359 298 256 234 306 330 409 461 439 341 493 293 261 259 275 304 278 341 327 278 402 548 573 560 524 578 789 556 482 439 427 308 503 740 730 755 910 979 818 877 969 783 911 1080
608 470 476 531 403 274 269 171 144 154 180 273 263 388 493 431 357 306 242 246 223 266 236 241 308 334 401 532 579 671 695 716 716 642 475 591 611 479 344 403 415 438 346 220 219 260 350 328 485 586 657 544 371 545 490 370 273 404 540 461 452 563 439 356 341 419 424 424 444 378 296 329 324 342 372 321 420 588 639 729 600 619 903 1135 990 1159 1235
522 406 316 415 356 238 190 145 144 153 249 390 508 496 580 478 395 298 212 222 196 213 264 373 434 431 530 583 694 707 607 595 642 486 371 483 618 542 359 260 279 220 225 225 298 352 352 412 395 481 721 592 449 530 524 336 458 512 347 569 745 814 661 501 277 287 306 283 338 293 353 512 539 669 743 522 420 528 596 550 520 751 929 1225 1261 1284 1198
423 440 405 222 206 246 207 146 238 220 374 432 619 489 400 310 338 232 179 186 264 339 426 522 593 595 696 674 601 648 571 394 551 471 297 319 297 243 209 219 245 397 316 409 415 548 470 532 600 527 618 723 533 693 555 427 578 624 508 395 487 625 909 638 498 522 435 404 469 462 492 330 502 667 581 744 709 518 371 507 645 761 1064 1141 1285 1312 1371
328 339 263 332 153 149 144 148 194 274 440 523 516 504 347 274 202 174 181 227 257 388 489 517 528 533 559 524 410 458 400 339 317 281 226 208 219 252 292 319 358 342 326 379 441 490 615 705 753 664 711 876 765 791 576 458 662 572 485 579 519 443 714 733 488 488 579 550 386 496 576 528 485 384 587 630 694 566 632 418 563 792 953 833 996 1281 1204
262 190 162 136 146 174 213 276 413 396 393 486 392 354 284 175 171 244 259 339 386 393 364 388 369 455 448 358 287 256 224 195 197 200 227 326 448 431 447 427 588 480 605 527 623 597 609 642 780 862 948 898 895 794 621 536 784 624 654 708 653 556 665 688 710 516 717 542 468 403 624 824 694 632 438 554 694 752 697 707 545 645 671 747 912 937 1144
135 140 138 143 146 201 366 274 251 241 267 292 312 212 170 170 223 273 297 325 320 332 289 353 296 257 214 206 188 188 199 191 244 311 382 383 528 717 721 775 732 646 744 746 759 680 659 748 849 1132 1034 1059 1023 750 859 726 823 906 801 791 719 531 611 862 866 850 554 554 504 514 553 712 736 597 480 618 692 703 821 697 458 644 779 763 781 1008 1030
142 143 141 169 151 204 176 153 152 154 159 161 170 168 167 170 214 214 273 208 185 202 181 186 186 184 184 183 211 234 312 453 424 458 479 494 525 637 782 924 789 856 926 953 893 796 821 855 1000 1192 1017 743 787 999 869 782 856 962 1110 854 671 679 644 802 763 546 494 516 655 611 455 544 713 562 640 679 653 849 848 643 679 795 699 887 933 950 998
145 144 146 145 144 150 153 151 153 152 156 159 185 161 169 163 163 183 179 172 174 182 178 183 179 181 196 310 351 344 362 559 532 619 624 624 733 749 881 925 1016 1098 1018 1112 1050 1039 1047 1058 817 880 936 748 616 696 607 736 792 957 1011 1009 920 773 811 872 718 660 622 645 703 650 538 637 626 739 704 744 852 953 758 504 736 909 963 954 967 1037 1106
145 143 146 149 148 150 151 152 153 156 156 161 156 159 165 162 169 167 174 175 192 182 177 228 253 218 253 318 394 502 570 540 660 715 843 805 889 843 876 857 775 884 1017 1097 1050 993 945 839 729 719 712 732 618 542 650 638 672 752 817 809 915 945 1029 1045 847 715 718 861 779 733 686 757 784 806 909 735 633 573 637 532 695 821 1038 1011 972 931 1078
143 145 147 147 147 149 152 155 157 158 159 161 170 199 251 309 290 251 312 208 281 329 387 423 327 331 331 349 465 547 648 745 762 875 914 893 824 726 740 766 658 700 898 709 897 754 764 739 706 618 700 497 648 692 754 756 771 795 890 976 968 1212 1106 920 828 889 850 1051 913 973 887 870 881 942 918 730 713 610 690 754 599 638 717 677 898 1007 1166
145 147 148 147 152 149 166 176 176 208 287 223 297 356 414 519 460 410 311 301 326 360 443 523 401 466 556 527 565 666 737 821 844 732 828 787 782 738 681 633 587 596 693 613 801 768 673 682 572 559 482 531 564 635 727 857 929 1028 1042 1222 1060 1096 920 834 978 1031 1056 899 816 824 812 705 845 819 1038 802 847 909 932 774 874 844 626 889 1190 1213 1261
148 148 151 143 148 148 154 151 166 176 334 389 496 476 468 491 505 472 468 419 422 412 501 578 549 602 610 594 635 693 768 721 740 640 604 662 663 743 690 602 575 539 469 561 743 734 661 475 498 507 521 617 646 841 823 900 1050 939 867 793 949 1128 910 745 801 861 852 814 702 659 638 867 908 1081 1078 1001 866 1107 948 877 991 1010 796 824 864 987 1288
142 143 187 196 162 148 163 153 157 162 186 204 330 398 431 397 473 476 451 536 524 535 614 638 643 619 566 511 599 677 632 600 725 675 537 542 604 682 669 585 545 481 471 669 587 570 461 425 535 629 667 700 796 838 910 923 876 764 904 697 717 779 1021 907 788 606 689 616 598 666 885 918 901 1078 931 896 818 989 1159 1058 1117 929 843 730 1011 1053 1233
