test_cases/Oregon_test_case/Oregon_large_test/terrain/background_srtm_data/srtm30_dem_or.asc
ncols         240
nrows         239
xllcorner     -123
yllcorner     43
cellsize      0.008333333333
NODATA_value  -9999
[rows 156 to 194 of 239, columns 87 to 173 of 240]
716 675 676 771 880 979 1111 1144 1135 1173 1267 1331 1462 1621 1491 1440 1563 1504 1554 1668 1668 1541 1527 1630 1667 1646 1651 1674 1710 1751 1743 1799 1833 1848 1895 1912 1960 1966 1941 1835 1793 1710 1674 1640 1541 1503 1497 1491 1420 1433 1420 1390 1375 1367 1355 1365 1339 1318 1321 1321 1321 1321 1321 1321 1321 1321 1321 1321 1321 1321 1313 1315 1309 1307 1309 1350 1381 1387 1379 1404 1315 1305 1309 1306 1305 1304 1299
815 799 792 689 732 762 948 1165 1413 1438 1214 1225 1381 1446 1500 1648 1693 1603 1613 1785 1754 1658 1713 1842 1757 1673 1665 1752 1833 1722 1738 1768 1813 1862 1824 1809 1841 1825 1824 1789 1741 1690 1624 1568 1522 1488 1467 1456 1449 1448 1442 1405 1378 1343 1330 1347 1326 1325 1324 1324 1321 1321 1321 1321 1321 1321 1321 1321 1321 1321 1343 1461 1392 1325 1314 1313 1333 1380 1375 1317 1309 1300 1305 1306 1303 1301 1297
973 889 827 861 705 745 808 919 1208 1679 1515 1472 1330 1463 1524 1571 1724 1732 1719 1753 1881 1703 1756 1928 1777 1752 1825 1949 1865 1760 1698 1706 1731 1710 1729 1740 1754 1729 1697 1675 1648 1614 1572 1598 1557 1500 1470 1447 1434 1427 1427 1405 1378 1338 1328 1321 1325 1325 1325 1325 1328 1321 1321 1321 1321 1321 1321 1321 1321 1321 1321 1327 1339 1319 1315 1314 1336 1384 1347 1305 1305 1301 1302 1302 1300 1292 1285
1323 1338 1161 941 775 791 825 841 1093 1197 1324 1579 1516 1551 1605 1619 1668 1789 1877 1898 1952 1885 1866 1951 1792 1861 1891 1927 1970 1777 1659 1639 1675 1739 1691 1656 1665 1654 1639 1619 1601 1562 1532 1502 1507 1498 1456 1432 1416 1422 1410 1453 1395 1365 1358 1319 1324 1328 1367 1396 1390 1383 1384 1329 1321 1321 1321 1323 1321 1321 1321 1321 1329 1320 1319 1325 1372 1376 1342 1326 1308 1305 1296 1295 1290 1296 1299
1563 1762 1433 1118 936 790 778 901 979 1095 1295 1438 1732 1840 1683 1706 1726 1820 1873 1932 2070 1948 1947 1912 1830 1736 1676 1621 1569 1607 1583 1638 1658 1674 1687 1769 1784 1772 1735 1711 1658 1612 1514 1500 1488 1492 1489 1430 1412 1410 1421 1403 1391 1360 1360 1397 1382 1419 1469 1516 1504 1511 1492 1454 1400 1369 1328 1324 1320 1321 1321 1348 1374 1378 1404 1358 1495 1370 1318 1305 1304 1298 1294 1299 1300 1303 1299
1159 1243 1459 1281 1160 946 886 1016 832 874 1017 1342 1501 1613 1636 1647 1678 1727 1799 1904 1855 1874 1857 1837 1793 1747 1707 1678 1545 1499 1512 1579 1667 1799 1839 1851 1884 1884 1825 1799 1715 1665 1650 1574 1541 1457 1423 1398 1385 1392 1383 1383 1364 1359 1413 1378 1411 1502 1575 1644 1676 1678 1607 1561 1492 1439 1395 1352 1322 1321 1400 1562 1490 1485 1498 1431 1464 1347 1311 1305 1305 1297 1300 1303 1303 1300 1298
1289 1489 1633 1489 1491 1342 998 885 925 889 1033 936 1137 1121 1221 1357 1616 1707 1834 1826 1776 1793 1772 1767 1753 1704 1642 1529 1471 1531 1629 1672 1862 1875 1897 1977 2011 2023 1931 1899 1821 1765 1698 1609 1522 1495 1442 1397 1369 1357 1346 1339 1339 1368 1467 1404 1452 1550 1677 1783 1853 1827 1736 1640 1509 1468 1394 1376 1321 1321 1374 1470 1555 1675 1535 1472 1403 1357 1313 1313 1305 1304 1304 1304 1305 1302 1302
1000 1177 1451 1709 1561 1681 1377 1360 1104 1319 1183 1204 1271 1104 1061 1168 1387 1753 1735 1681 1695 1649 1686 1701 1650 1523 1490 1494 1571 1660 1695 1695 1865 1908 1963 2070 2239 2169 2042 1990 1907 1832 1735 1628 1541 1478 1426 1396 1357 1352 1346 1339 1339 1347 1398 1428 1518 1591 1698 1823 1954 1926 1813 1682 1563 1467 1389 1366 1344 1326 1341 1429 1513 1559 1533 1466 1413 1360 1315 1309 1299 1302 1294 1308 1303 1302 1301
881 1132 1344 1527 1783 1853 1523 1747 1556 1738 1399 1370 1347 1364 1305 1188 1196 1477 1516 1494 1434 1387 1445 1436 1425 1456 1503 1546 1700 1740 1816 1760 1871 1908 1961 2074 2158 2153 2084 1978 1894 1795 1709 1614 1509 1456 1403 1352 1339 1339 1339 1339 1339 1339 1359 1450 1506 1583 1677 1744 1823 1827 1725 1641 1532 1459 1396 1364 1352 1328 1326 1369 1433 1462 1446 1413 1374 1349 1382 1313 1310 1304 1305 1307 1304 1306 1302
1102 963 1162 1369 1639 1794 1632 1673 1757 1789 1736 1539 1367 1431 1375 1249 1177 1241 1346 1326 1331 1356 1366 1362 1403 1527 1554 1641 1716 1805 1943 1846 1869 1872 1894 1971 2002 1954 1984 1922 1826 1736 1649 1576 1492 1435 1392 1349 1339 1339 1339 1339 1339 1339 1394 1452 1493 1554 1603 1657 1680 1669 1621 1542 1506 1434 1385 1367 1330 1324 1324 1326 1360 1377 1329 1319 1321 1308 1315 1314 1301 1311 1310 1305 1307 1304 1304
1380 1193 1011 1143 1385 1352 1419 1506 1553 1658 1782 1570 1529 1526 1516 1339 1367 1336 1368 1476 1533 1494 1450 1449 1424 1433 1480 1541 1613 1755 1921 1912 1838 1778 1813 1847 1876 1877 1858 1809 1745 1701 1630 1528 1455 1394 1441 1406 1348 1339 1339 1339 1339 1339 1370 1419 1475 1542 1600 1651 1614 1577 1529 1504 1471 1435 1390 1360 1344 1339 1362 1328 1320 1315 1310 1305 1311 1313 1313 1310 1305 1312 1306 1307 1304 1304 1305
1434 1259 1226 1078 1250 1314 1502 1655 1790 1847 1922 1682 1533 1610 1565 1414 1509 1439 1481 1595 1616 1562 1580 1571 1555 1503 1540 1640 1596 1584 1684 1737 1763 1704 1768 1741 1772 1789 1775 1802 1820 1789 1761 1703 1496 1372 1351 1352 1345 1346 1339 1339 1339 1365 1407 1439 1473 1535 1568 1571 1567 1550 1531 1485 1471 1424 1390 1357 1337 1345 1327 1316 1312 1315 1315 1315 1314 1318 1320 1308 1311 1312 1311 1308 1307 1305 1307
1519 1465 1431 1223 1275 1409 1218 1271 1338 1490 1652 1818 1707 1647 1574 1637 1596 1597 1539 1678 1648 1630 1659 1639 1622 1627 1512 1461 1461 1461 1460 1510 1567 1642 1667 1670 1695 1721 1800 1908 1970 2090 1958 1750 1496 1362 1358 1351 1347 1346 1347 1347 1401 1459 1497 1526 1538 1621 1686 1560 1528 1515 1489 1469 1447 1420 1401 1362 1341 1330 1323 1321 1313 1322 1317 1317 1316 1312 1318 1303 1313 1315 1310 1310 1312 1308 1313
1754 1602 1363 1226 1453 1353 1642 1615 1474 1652 1552 1676 1744 1825 1733 1689 1772 1621 1697 1780 1737 1726 1710 1666 1649 1567 1555 1491 1461 1461 1461 1461 1461 1461 1474 1540 1658 1687 1768 1965 1981 1910 1812 1622 1423 1373 1362 1354 1352 1347 1366 1436 1517 1610 1673 1708 1727 1694 1701 1553 1518 1510 1535 1533 1518 1498 1487 1485 1449 1374 1335 1329 1334 1328 1324 1322 1318 1322 1319 1307 1316 1319 1311 1311 1310 1307 1309
1691 1511 1562 1603 1780 1550 1766 1578 1507 1537 1658 1704 1767 1865 1860 1823 1785 1691 1775 1849 1784 1758 1714 1651 1613 1607 1645 1639 1600 1537 1484 1459 1461 1461 1461 1461 1512 1575 1575 1707 1753 1673 1549 1445 1386 1377 1369 1358 1351 1357 1430 1520 1657 1773 1877 1911 1899 1784 1641 1549 1561 1593 1589 1597 1577 1555 1566 1581 1560 1478 1381 1331 1331 1322 1322 1326 1323 1323 1314 1308 1314 1316 1314 1311 1315 1312 1311
1529 1399 1499 1653 1542 1617 1462 1359 1419 1526 1597 1647 1708 1798 1871 1900 2025 1922 1956 1879 1828 1774 1727 1700 1680 1686 1731 1670 1641 1572 1517 1505 1500 1461 1461 1461 1461 1492 1487 1493 1495 1472 1425 1415 1509 1435 1419 1387 1374 1388 1456 1559 1717 1849 1982 2138 1989 1859 1662 1567 1591 1622 1685 1657 1650 1620 1626 1656 1592 1491 1391 1336 1326 1334 1327 1328 1322 1325 1318 1310 1318 1314 1317 1310 1316 1313 1310
1468 1485 1263 1310 1409 1256 1306 1384 1426 1514 1590 1673 1776 1877 1948 1976 1990 2014 1924 1891 1830 1800 1767 1730 1755 1785 1855 1721 1677 1658 1607 1585 1550 1514 1477 1461 1461 1461 1493 1458 1447 1453 1417 1462 1477 1486 1475 1425 1396 1402 1461 1565 1696 1819 1962 2026 1934 1784 1624 1586 1627 1708 1785 1708 1672 1639 1599 1603 1537 1447 1370 1341 1336 1347 1335 1330 1318 1317 1316 1314 1318 1316 1319 1313 1319 1316 1318
1319 1327 1220 1123 1120 1155 1260 1437 1579 1532 1620 1703 1776 1866 2068 2154 2132 2028 1959 1924 1884 1829 1783 1753 1777 1821 1850 1778 1725 1718 1870 1730 1647 1646 1613 1552 1507 1478 1461 1467 1452 1439 1464 1488 1525 1530 1482 1457 1448 1458 1472 1529 1605 1691 1783 1813 1756 1657 1564 1583 1651 1735 1792 1718 1670 1606 1567 1562 1510 1447 1381 1340 1343 1335 1331 1324 1319 1315 1312 1321 1324 1319 1319 1318 1325 1319 1319
1234 1039 1051 1217 1446 1628 1534 1468 1742 1676 1751 1988 1964 2018 2124 2252 2215 2130 2046 1983 1918 1852 1815 1772 1791 1877 1908 1835 1774 1986 1940 1839 1699 1635 1589 1546 1590 1533 1474 1465 1468 1475 1496 1542 1608 1602 1532 1494 1448 1414 1434 1496 1567 1632 1643 1659 1622 1553 1520 1573 1626 1716 1738 1714 1659 1603 1569 1505 1478 1417 1351 1341 1340 1329 1328 1325 1321 1313 1334 1327 1327 1326 1325 1324 1327 1328 1320
982 1251 1383 1510 1515 1525 1603 1667 1681 1816 1932 2072 2163 2173 2282 2534 2492 2232 2110 2009 1938 1887 1827 1792 1781 1799 1834 1931 1918 1835 1791 1748 1722 1657 1615 1559 1506 1467 1462 1463 1457 1498 1589 1643 1705 1645 1561 1522 1500 1421 1415 1453 1482 1531 1553 1520 1492 1452 1491 1544 1623 1630 1642 1635 1581 1530 1506 1473 1447 1407 1360 1339 1337 1323 1318 1317 1323 1333 1345 1324 1326 1329 1328 1330 1325 1319 1325
1319 1557 1740 1599 1724 1639 1700 1783 1732 1719 1781 1922 2075 2273 2526 2431 2194 2127 2106 1995 1935 1873 1838 1797 1780 1785 1874 2010 1905 1838 1753 1715 1733 1726 1636 1519 1455 1446 1448 1450 1463 1570 1659 1755 1853 1700 1645 1590 1532 1445 1390 1397 1408 1428 1439 1464 1449 1441 1428 1461 1529 1542 1549 1544 1504 1480 1450 1425 1402 1391 1345 1334 1324 1324 1324 1330 1352 1331 1327 1332 1323 1328 1335 1333 1329 1325 1325
1077 1173 1515 1774 1801 1808 1763 1561 1517 1582 1708 1837 1949 2023 2328 2381 2125 2056 2012 1951 1925 1880 1851 1828 1767 1765 1835 1907 1939 1993 1853 1808 1728 1635 1554 1497 1456 1453 1448 1441 1462 1535 1654 1745 1790 1795 1731 1657 1529 1451 1378 1366 1364 1368 1399 1442 1437 1409 1387 1402 1462 1444 1452 1453 1438 1420 1400 1378 1336 1328 1330 1346 1329 1327 1347 1342 1331 1332 1330 1327 1325 1325 1344 1342 1339 1328 1318
888 988 1158 1262 1594 1480 1648 1464 1403 1447 1641 1740 1806 1906 2019 2042 2006 1983 2023 1955 1895 1912 1873 1801 1730 1716 1812 1868 1946 2006 1931 1848 1740 1648 1563 1496 1480 1472 1453 1447 1438 1475 1561 1664 1741 1741 1703 1602 1510 1435 1383 1383 1373 1364 1366 1363 1401 1364 1358 1363 1378 1375 1380 1398 1384 1373 1335 1331 1340 1364 1353 1348 1330 1331 1351 1351 1339 1341 1339 1331 1331 1335 1329 1327 1323 1321 1315
874 915 958 1033 1100 1169 1161 1211 1295 1395 1547 1613 1694 1746 1846 1879 1899 1915 2057 1980 1870 1830 1810 1769 1712 1654 1760 1801 1857 1900 1858 1783 1700 1602 1521 1478 1477 1509 1493 1466 1442 1437 1479 1516 1573 1600 1575 1527 1469 1420 1382 1375 1367 1365 1369 1368 1373 1370 1367 1368 1357 1347 1360 1357 1353 1360 1349 1365 1359 1363 1354 1330 1338 1350 1359 1371 1350 1337 1349 1362 1336 1330 1323 1316 1317 1312 1314
1072 896 969 964 1110 1177 1227 1267 1245 1423 1462 1522 1671 1793 1907 1849 1870 1875 1902 1899 1871 1805 1771 1741 1661 1607 1574 1690 1730 1759 1716 1640 1534 1477 1477 1477 1477 1477 1509 1482 1441 1433 1424 1425 1429 1446 1435 1480 1533 1521 1480 1428 1439 1374 1431 1378 1396 1366 1371 1388 1369 1356 1352 1351 1336 1377 1358 1357 1345 1350 1333 1364 1380 1422 1410 1417 1405 1360 1350 1331 1327 1326 1319 1316 1316 1319 1319
1207 1139 917 1033 1034 1055 1099 1142 1261 1335 1457 1521 1617 1692 1740 1774 1799 1807 1806 1802 1783 1761 1734 1717 1650 1584 1549 1519 1564 1582 1582 1481 1477 1477 1477 1477 1477 1477 1506 1480 1444 1422 1426 1421 1446 1442 1463 1614 1747 1701 1700 1565 1491 1436 1391 1447 1419 1389 1370 1386 1379 1392 1374 1378 1377 1378 1364 1365 1371 1363 1359 1397 1435 1472 1466 1476 1420 1386 1382 1349 1333 1330 1317 1321 1333 1328 1321
1196 1130 1107 1270 1101 1001 1071 1187 1307 1352 1411 1485 1588 1675 1708 1722 1746 1740 1731 1733 1736 1699 1708 1697 1676 1622 1590 1567 1507 1477 1477 1477 1477 1477 1477 1477 1477 1520 1533 1458 1433 1430 1442 1470 1450 1452 1468 1705 1952 2109 1915 1772 1621 1515 1480 1410 1386 1393 1400 1404 1404 1399 1378 1384 1378 1378 1373 1371 1372 1357 1381 1432 1484 1515 1529 1538 1439 1405 1376 1367 1351 1330 1330 1344 1323 1323 1326
1563 1252 1163 1423 1472 1162 1029 1081 1332 1455 1524 1531 1574 1647 1689 1697 1716 1703 1697 1697 1705 1708 1706 1723 1705 1685 1626 1570 1521 1477 1478 1477 1476 1477 1481 1501 1518 1542 1481 1453 1440 1428 1435 1471 1461 1492 1469 1595 1723 1778 1767 1726 1649 1535 1411 1387 1387 1395 1410 1401 1403 1382 1383 1378 1382 1375 1372 1369 1361 1356 1387 1472 1541 1544 1544 1531 1427 1407 1388 1365 1349 1332 1329 1328 1323 1338 1322
1378 1214 1333 1642 1638 1460 1134 1137 1145 1334 1488 1565 1667 1730 1760 1792 1734 1697 1697 1709 1740 1759 1778 1777 1784 1681 1645 1599 1566 1534 1533 1522 1541 1538 1536 1578 1550 1495 1462 1457 1437 1446 1444 1494 1506 1499 1495 1490 1514 1518 1516 1549 1571 1509 1408 1391 1391 1383 1397 1404 1385 1383 1382 1369 1370 1364 1365 1365 1364 1361 1391 1443 1484 1493 1470 1479 1394 1382 1360 1343 1337 1337 1329 1329 1354 1364 1322
1614 1381 1323 1520 1691 1643 1355 1227 1110 1101 1208 1493 1605 1735 1922 1744 1730 1704 1734 1748 1764 1800 1818 1822 1838 1754 1697 1636 1619 1597 1593 1616 1598 1597 1616 1560 1505 1472 1460 1448 1448 1473 1476 1526 1589 1503 1466 1432 1417 1469 1408 1403 1389 1390 1389 1394 1388 1391 1403 1403 1399 1383 1379 1380 1378 1371 1382 1365 1371 1359 1372 1392 1431 1444 1422 1366 1363 1378 1345 1339 1332 1332 1327 1332 1356 1351 1360
1606 1571 1233 1389 1676 1778 1688 1559 1524 1203 1120 1194 1452 1668 1745 1676 1707 1739 1756 1779 1794 1833 1868 1874 1849 1818 1754 1713 1688 1660 1623 1642 1636 1653 1586 1514 1488 1465 1462 1465 1459 1470 1487 1474 1455 1438 1429 1408 1407 1398 1395 1397 1393 1393 1397 1391 1393 1398 1392 1414 1396 1407 1413 1408 1381 1372 1372 1363 1364 1381 1389 1403 1405 1416 1406 1347 1359 1358 1339 1331 1331 1330 1332 1331 1337 1413 1348
1709 1482 1437 1253 1399 1645 1809 1774 1705 1542 1260 1145 1183 1409 1572 1658 1690 1715 1768 1788 1837 1863 1912 1905 1885 1855 1809 1781 1746 1718 1707 1670 1671 1675 1625 1566 1501 1482 1476 1481 1450 1469 1488 1494 1478 1460 1451 1459 1428 1407 1397 1393 1391 1394 1397 1396 1399 1404 1399 1419 1422 1416 1401 1398 1380 1393 1377 1372 1385 1374 1366 1367 1403 1363 1362 1348 1350 1337 1342 1336 1333 1330 1332 1338 1457 1388 1374
1603 1462 1669 1559 1280 1417 1664 1772 1730 1673 1558 1332 1244 1177 1408 1578 1485 1650 1664 1761 1818 1892 1943 1901 1915 1925 1855 1842 1824 1805 1742 1701 1679 1665 1626 1583 1533 1503 1523 1459 1452 1490 1482 1538 1487 1486 1474 1463 1456 1429 1431 1403 1397 1395 1401 1403 1409 1401 1410 1424 1416 1414 1415 1411 1402 1387 1378 1374 1371 1364 1360 1359 1353 1346 1342 1342 1338 1350 1346 1337 1341 1340 1342 1491 1502 1476 1485
1686 1604 1689 1653 1367 1446 1690 1725 1796 1651 1635 1457 1576 1414 1365 1391 1489 1593 1625 1614 1739 1813 2000 2091 2027 2037 1932 1931 1955 1886 1820 1739 1686 1683 1662 1616 1572 1588 1482 1443 1447 1469 1537 1537 1536 1500 1476 1458 1471 1449 1435 1434 1420 1399 1405 1411 1414 1402 1419 1426 1420 1396 1392 1390 1405 1386 1399 1392 1381 1361 1350 1347 1349 1346 1342 1354 1352 1357 1344 1343 1352 1401 1542 1628 1560 1557 1588
1619 1772 1706 1621 1449 1427 1588 1728 1845 1813 1705 1584 1610 1675 1541 1501 1665 1701 1703 1709 1728 1771 1851 1903 2041 2104 2105 2075 1993 1936 1893 1834 1764 1743 1703 1671 1620 1556 1450 1444 1444 1479 1610 1554 1528 1510 1520 1520 1497 1482 1454 1429 1404 1404 1411 1416 1424 1405 1432 1428 1418 1397 1396 1394 1391 1394 1386 1387 1362 1363 1360 1350 1362 1347 1344 1356 1351 1354 1356 1371 1464 1548 1661 1581 1603 1615 1682
1505 1553 1672 1619 1560 1529 1657 1726 1734 1684 1633 1767 1729 1753 1753 1676 1703 1765 1851 1821 1826 1950 1918 1972 2078 2186 2082 2138 2083 1940 1856 1795 1788 1738 1693 1668 1591 1514 1444 1444 1485 1575 1703 1601 1546 1528 1548 1545 1516 1517 1442 1442 1443 1414 1416 1424 1429 1416 1438 1425 1408 1402 1392 1384 1370 1376 1374 1376 1383 1365 1356 1356 1366 1349 1350 1356 1367 1395 1502 1692 1600 1667 1656 1585 1710 1622 1562
1579 1637 1741 1691 1617 1703 1701 1625 1571 1483 1492 1564 1643 1697 1768 1857 1780 1775 1837 1957 1930 1944 1946 1914 1930 2084 1986 1912 1922 1937 1890 1749 1752 1707 1644 1603 1548 1450 1447 1456 1561 1661 1688 1585 1571 1563 1563 1515 1496 1471 1465 1436 1453 1419 1422 1438 1433 1420 1440 1428 1403 1389 1396 1372 1384 1370 1411 1384 1411 1369 1361 1376 1388 1358 1363 1465 1648 1653 1680 1692 1651 1723 1649 1652 1606 1568 1634
1640 1542 1541 1614 1783 1704 1639 1404 1407 1439 1527 1550 1603 1680 1752 1828 1940 1951 1981 2060 2087 1986 1878 1762 1822 1975 1971 1827 1814 1782 1763 1727 1671 1650 1601 1514 1460 1456 1453 1499 1600 1694 1684 1606 1556 1547 1544 1534 1509 1499 1475 1478 1446 1424 1430 1443 1430 1445 1437 1440 1398 1422 1378 1383 1384 1381 1416 1412 1381 1389 1367 1404 1369 1451 1673 1702 1693 1708 1705 1708 1717 1729 1658 1711 1632 1643 1669
1536 1472 1336 1376 1432 1362 1298 1252 1350 1384 1384 1507 1587 1662 1753 1826 1897 1834 1871 1902 1891 1844 1924 1744 1738 1855 1854 1814 1810 1753 1709 1696 1628 1595 1541 1480 1470 1458 1458 1496 1553 1578 1606 1603 1538 1522 1504 1510 1508 1491 1489 1483 1484 1447 1456 1436 1442 1455 1421 1429 1414 1405 1389 1402 1388 1394 1416 1415 1399 1372 1440 1378 1407 1656 1681 1714 1724 1740 1711 1688 1688 1705 1745 1661 1690 1676 1663
