test_cases/Oregon_test_case/Oregon_large_test/terrain/background_srtm_data/srtm30_fac_or.asc
ncols         240
nrows         239
xllcorner     -123
yllcorner     43
cellsize      0.008333333333
NODATA_value  -9999
[rows 76 to 151 of 239, columns 96 to 191 of 240]
0 0 0 1 2 6 0 0 0 0 1 18 21 23 1 1 1 1 0 0 0 0 0 0 8 2 0 0 5 0 0 5 1 0 1 1 1 39 0 5 1 0 1 2 0 0 0 7 1 14 20 22 23 0 0 1 42 0 3 0 0 0 11 16 19 24 25 26 37 0 1 0 3 0 0 0 2 3 4 0 0 10 4 0 0 6 7 27 29 0 0 10 0 0 0 2
6 3 0 0 2 1 0 0 0 0 0 2 0 3 30 36 40 4 0 1 0 0 0 2 13 0 0 6 1 1 0 8 1 0 2 46 41 0 2 1 4 0 0 1 0 3 5 0 0 0 0 0 0 29 30 39 1 1 0 0 1 10 3 1 0 2 0 11 12 38 0 0 0 0 0 1 0 8 5 0 14 0 0 0 2 0 1 0 0 1 8 1 0 0 0 0
0 1 0 0 0 0 0 2 1 0 0 0 2 0 0 0 0 0 3 0 0 0 1 22 1 0 7 0 130 0 13 2 69 67 63 13 3 2 1 0 0 3 0 0 0 0 0 0 1 2 16 18 26 0 5 1 0 0 0 1 7 2 0 0 1 0 9 0 2 16 58 61 62 63 1 0 0 0 15 16 0 0 0 0 0 0 0 0 0 0 0 0 0 1 0 0
0 0 0 0 0 0 0 0 7 0 0 0 0 0 0 0 0 1 6 0 0 1 1 249 225 221 190 187 0 124 106 102 0 0 0 0 8 3 2 1 0 0 0 0 1 2 0 1 7 12 0 5 0 2 1 0 0 1 2 4 0 0 0 1 4 6 0 0 0 1 0 0 1 295 360 367 0 2 34 0 0 7 0 0 4 9 5 0 0 0 0 0 0 2 0 6
0 0 1 0 2 3 0 0 9 2 0 0 0 1 5 7 0 0 11 0 0 3 264 2 0 2 21 0 54 0 1 2 30 27 2 1 0 3 2 1 0 0 0 0 0 0 3 4 1 1 1 2 0 0 0 0 0 1 0 0 1 2 3 0 0 0 0 283 285 287 289 291 292 0 2 0 660 661 700 1 0 0 867 1 0 0 0 0 12 14 21 24 30 0 0 0
0 1 3 1 8 0 0 0 0 14 1 0 0 0 0 0 11 0 16 0 2 270 0 8 0 0 0 20 1 53 50 0 1 0 23 20 16 15 14 7 6 5 1 1 0 1 3 0 0 0 1 0 1 2 94 96 108 0 119 0 1 2 0 138 139 172 281 0 0 0 0 0 1 0 289 290 0 1 2 706 0 2 866 0 0 0 4 9 0 3 0 0 0 2 0 0
0 1 2 15 0 0 3 1 0 18 2 4 2 0 0 0 0 13 14 0 0 4 2 0 7 4 1 15 1 0 1 49 43 0 0 0 2 1 0 5 1 0 1 2 5 8 11 16 0 0 0 1 81 90 4 10 1 115 0 121 126 128 132 26 31 107 0 1 12 13 14 15 16 288 0 0 0 0 87 797 0 0 0 859 0 1 0 3 0 2 0 0 16 0 0 0
1 0 5 31 14 10 2 1 0 0 30 0 2 0 0 1 0 0 1 0 8 0 0 0 0 0 1 0 14 0 0 0 3 42 38 15 3 2 1 0 2 1 0 1 0 1 1 3 21 23 0 78 7 3 3 0 0 3 0 3 0 0 25 0 2 106 0 9 0 1 9 10 267 0 1 1 39 85 1 0 805 0 0 857 0 0 1 2 0 8 10 11 0 0 0 5
0 3 41 1 1 0 0 0 0 1 0 36 0 0 1 0 2 1 0 77 1 0 0 0 0 1 0 0 0 12 9 3 1 0 2 21 10 4 3 2 1 0 0 0 0 0 0 0 1 2 76 5 0 2 1 0 2 0 1 0 1 22 0 1 104 0 7 0 5 6 0 254 0 0 0 31 2 44 0 5 0 826 836 0 18 0 0 4 7 0 0 0 0 0 0 1
0 49 0 0 0 0 0 0 1 2 0 1 40 3 0 1 0 4 87 0 62 61 4 1 2 0 0 0 0 0 0 4 2 0 1 19 0 4 3 2 1 0 0 0 0 0 0 0 1 36 11 4 0 1 0 1 0 2 4 7 8 10 0 1 101 6 0 3 0 1 249 2 0 3 18 8 1 43 3 0 14 2 3 2 17 0 2 0 0 0 161 0 0 2 2 0
5 2 0 0 0 0 2 0 0 1 11 13 15 0 7 2 0 1 88 2 1 0 55 45 44 22 15 14 12 10 8 0 3 1 0 0 17 0 0 0 0 0 1 1 1 0 1 3 33 0 9 1 0 0 0 0 0 0 0 0 0 8 0 100 3 1 1 0 1 244 1 1 1 0 12 7 0 42 2 12 0 1 2 1 16 0 0 0 0 156 0 163 199 7 0 0
0 0 0 1 1 6 1 0 0 4 0 0 0 0 0 0 0 1 96 0 2 0 5 2 7 9 3 2 1 0 0 6 3 2 0 0 3 10 1 1 1 0 2 2 2 0 1 0 27 3 2 1 0 0 0 0 2 0 0 1 6 0 96 2 2 0 0 0 5 241 0 0 0 0 10 6 40 0 1 11 0 1 0 9 15 0 139 142 155 0 0 1 22 366 9 8
0 0 0 13 8 0 0 0 0 0 0 3 5 10 12 0 1 0 1 103 1 0 1 2 1 6 8 7 6 3 0 1 0 1 1 0 1 0 5 2 0 1 3 17 3 1 11 15 10 2 0 0 0 1 1 0 0 3 1 2 0 94 0 1 1 0 2 3 2 233 0 0 2 9 1 3 35 3 0 10 0 0 8 0 3 137 0 3 4 0 4 21 0 348 5 0
20 18 15 0 0 0 2 1 0 0 2 0 1 0 0 13 17 0 110 3 0 0 0 0 0 0 5 3 1 1 1 0 0 0 0 0 0 1 0 51 49 46 44 0 9 5 8 1 0 9 1 0 0 2 0 2 4 8 14 15 90 1 0 0 0 0 0 1 0 49 178 0 2 2 0 2 34 0 1 9 0 5 0 2 0 135 0 1 3 2 0 14 346 0 2 0
0 0 0 0 1 1 6 0 0 0 0 0 0 0 0 0 0 132 0 0 0 1 0 0 2 1 0 0 0 0 0 0 0 0 0 0 0 1 59 1 0 0 4 15 0 4 1 5 0 0 7 0 1 1 6 0 1 0 0 63 9 0 0 0 0 0 0 1 47 0 177 0 0 1 0 0 33 0 6 1 2 0 0 0 124 9 0 2 0 0 13 0 343 0 0 0
50 47 43 32 30 23 15 13 11 1 0 0 1 4 10 11 148 0 0 3 2 0 0 9 4 3 2 1 0 4 3 1 1 1 0 0 1 0 62 0 1 0 0 2 14 3 0 3 0 1 4 0 1 4 0 8 9 53 61 0 5 0 1 0 0 1 42 43 0 173 2 0 0 0 30 32 0 3 1 0 0 0 0 123 0 7 0 0 10 12 0 173 2 165 1 63
1 1 1 6 0 0 0 0 0 5 0 0 1 2 0 0 151 0 4 0 1 48 47 33 0 27 24 23 5 0 0 2 5 2 1 0 5 6 63 5 2 1 0 0 0 13 2 1 0 0 3 0 3 11 17 31 42 1 4 3 0 0 7 9 36 38 0 1 172 1 0 19 24 27 0 0 0 0 0 0 117 120 121 0 6 0 5 9 0 161 168 2 1 164 0 53
0 0 0 0 4 2 1 0 0 0 1 0 0 0 0 0 0 160 1 0 53 0 0 0 31 0 1 0 16 14 12 8 1 0 0 0 0 1 80 0 22 20 4 3 2 8 3 1 0 2 0 1 6 0 12 2 6 0 3 2 0 2 0 24 0 0 0 169 0 7 17 0 1 0 0 0 45 107 110 114 0 1 1 4 0 3 1 0 160 0 4 1 0 163 0 50
0 0 0 0 0 0 0 0 0 0 0 0 0 2 1 0 0 0 165 95 0 0 0 0 1 0 0 0 1 0 0 0 0 0 1 0 0 0 0 109 0 0 14 13 0 1 7 2 0 1 0 5 0 9 0 1 5 2 0 0 0 20 23 0 0 0 167 0 6 0 7 0 0 6 9 43 6 53 1 2 0 0 0 0 0 0 0 0 159 0 3 0 162 0 22 1
1 1 2 0 0 1 1 1 1 1 1 1 1 5 0 1 0 0 0 38 35 34 1 0 0 1 18 16 13 12 11 6 4 2 0 0 2 1 138 0 3 2 1 0 11 0 0 6 1 0 0 2 5 1 0 4 0 0 8 10 19 0 0 0 3 163 0 2 1 4 1 0 4 1 32 5 51 0 0 1 0 1 5 67 69 80 81 82 74 0 0 0 161 1 20 0
2 5 0 1 1 2 2 2 2 2 2 2 2 20 13 10 5 2 0 0 0 0 29 25 24 19 0 3 2 1 0 1 0 0 0 1 6 139 0 25 23 20 5 4 2 9 3 1 5 0 1 0 3 0 2 0 4 7 0 6 0 0 1 0 152 4 0 1 0 3 0 2 0 31 4 38 9 1 0 0 1 2 60 0 8 0 9 66 0 5 0 158 0 0 2 14
3 6 0 3 10 3 3 4 48 43 38 33 28 2 0 0 0 0 0 0 0 0 0 0 0 0 5 0 0 0 0 0 0 0 4 0 147 3 1 0 0 1 13 0 0 1 4 0 0 4 0 1 0 0 0 3 1 1 4 0 0 3 4 149 0 1 1 0 0 1 1 0 30 3 36 0 8 0 3 4 19 59 0 7 0 8 1 53 3 0 0 154 0 0 0 13
26 9 1 2 32 20 1 0 0 0 0 0 0 0 0 0 2 321 319 316 2 0 0 0 0 0 7 1 1 1 1 1 1 214 212 203 51 5 4 1 0 0 0 10 1 0 0 3 0 3 0 0 0 1 2 0 0 0 0 0 1 0 1 130 10 1 0 0 0 0 0 28 2 34 0 6 0 2 11 13 0 37 4 0 5 0 0 52 1 0 0 0 151 0 11 0
1 13 6 1 7 12 0 0 0 0 0 0 0 0 0 0 0 0 0 0 310 307 302 297 294 289 286 274 272 267 253 249 245 1 1 0 1 40 36 1 0 0 2 1 7 2 1 0 1 0 0 0 1 0 1 2 0 1 2 0 1 21 22 104 6 0 0 4 6 22 26 1 28 4 1 3 1 10 0 24 36 2 0 3 0 0 50 0 0 0 0 150 0 0 3 5
1 3 5 0 0 5 11 9 2 8 13 53 47 36 33 0 0 0 0 0 0 2 2 0 2 0 0 0 1 8 0 0 0 26 0 0 0 0 1 35 33 28 0 0 0 3 2 1 0 0 0 1 2 5 6 7 11 12 13 17 18 0 102 0 4 0 3 0 9 4 2 0 27 3 0 2 0 9 23 0 9 1 1 0 26 48 0 0 0 0 103 42 0 0 0 4
1 0 2 1 2 1 0 5 0 7 1 3 8 0 1 27 23 1 0 0 0 0 0 0 0 0 0 0 0 0 7 0 0 0 23 10 1 0 0 0 0 1 23 0 0 0 2 1 0 0 0 0 1 2 18 19 0 0 37 41 42 80 17 1 0 2 2 8 2 0 1 1 24 2 0 0 8 21 0 8 0 0 0 25 0 19 1 4 0 66 33 1 39 0 0 2
0 0 0 0 1 0 3 0 0 5 0 2 6 0 0 2 2 15 13 0 1 0 0 0 0 0 13 11 8 7 1 3 0 0 0 9 7 6 4 1 0 0 3 16 0 6 1 0 0 1 1 0 0 14 1 2 31 36 1 0 35 0 4 11 0 1 1 7 1 0 0 23 1 0 6 7 20 4 7 0 3 17 22 0 18 0 0 2 63 0 31 0 8 28 0 0
0 0 0 0 0 0 0 0 3 0 0 0 5 0 1 0 0 0 9 3 0 0 1 6 1 14 3 2 1 0 6 0 1 0 0 0 6 2 0 1 0 0 1 0 12 1 0 1 3 0 0 5 12 0 1 6 1 0 0 21 1 10 2 0 10 0 0 6 0 18 22 0 1 4 11 19 3 1 0 1 12 0 2 16 0 0 0 0 54 22 7 2 4 2 24 0
1 2 0 1 0 0 0 0 0 0 0 1 0 0 0 0 3 8 0 14 1 0 0 79 15 8 3 2 1 0 0 5 3 1 0 0 0 0 1 0 0 0 0 0 0 0 2 6 1 0 2 2 1 0 2 0 0 0 19 0 0 9 0 0 8 0 3 1 0 16 2 0 1 10 0 5 2 0 7 11 0 1 13 1 0 44 49 52 19 1 6 1 3 1 21 1
41 39 34 0 2 0 1 0 0 0 0 0 0 0 0 1 0 3 4 1 263 0 0 0 53 0 0 4 3 2 0 0 0 0 0 0 0 0 0 0 1 1 0 0 16 15 11 3 2 1 0 1 0 1 0 1 2 3 3 9 0 5 1 0 6 1 0 0 7 7 1 0 8 0 3 0 1 6 0 1 0 10 1 0 42 0 1 1 18 0 5 0 2 0 20 0
0 0 0 28 25 19 13 8 1 1 2 1 0 1 0 0 1 3 0 1 4 255 0 3 0 37 7 0 0 4 3 1 0 3 1 0 0 3 0 1 2 2 21 18 0 4 3 2 1 0 0 0 0 0 1 0 0 2 0 6 0 4 0 0 4 0 0 5 0 6 0 2 4 1 0 0 2 2 0 1 2 5 0 29 11 0 0 4 12 0 3 0 0 19 0 19
0 0 0 0 1 1 1 1 4 1 8 31 0 12 2 0 1 0 0 0 0 252 0 1 0 0 27 16 5 0 0 0 4 0 0 0 6 0 0 3 30 26 0 0 6 0 2 1 0 0 0 0 0 0 1 5 0 0 1 2 0 1 1 2 0 0 3 0 3 1 1 0 2 0 0 1 0 0 0 0 2 4 28 5 4 0 3 0 10 1 0 2 17 0 15 1
21 17 0 0 0 0 0 0 3 0 0 12 13 0 5 0 0 0 4 7 8 250 1 0 0 1 6 2 8 1 1 5 1 0 0 1 94 85 83 36 0 0 0 8 0 3 0 0 1 0 1 1 0 1 2 12 2 0 0 0 0 0 0 0 0 0 0 0 0 0 0 0 0 0 0 0 0 0 0 0 0 24 2 4 3 0 0 9 0 0 1 12 0 14 0 0
0 0 14 10 7 1 0 0 0 0 0 8 2 0 3 0 1 2 1 0 1 238 1 0 0 0 3 1 3 0 6 165 152 0 139 137 4 3 1 44 42 38 36 25 20 19 9 4 0 3 0 2 1 0 0 0 16 2 1 0 0 0 0 0 0 0 0 0 0 0 0 0 0 1 5 0 2 0 2 4 23 1 3 2 0 5 8 2 5 6 11 0 12 0 0 11
0 0 1 0 0 3 2 1 0 0 3 0 1 0 0 0 0 0 0 0 1 233 1 0 0 0 0 0 2 1 1 0 4 147 5 3 30 0 0 0 0 0 0 0 1 4 0 0 0 5 0 3 2 0 2 18 0 0 0 0 1 1 1 0 1 3 6 1 0 2 0 2 0 0 0 7 10 14 16 17 0 2 1 1 3 1 1 1 1 2 0 9 0 0 7 0
0 0 0 0 0 0 0 0 0 0 0 0 0 0 0 0 0 0 0 5 12 18 209 1 0 0 0 0 0 0 0 1 1 0 0 3 2 29 24 1 0 2 1 0 0 0 2 0 0 0 12 0 3 5 3 19 2 1 1 0 2 4 0 0 1 0 1 7 11 3 0 4 1 0 0 0 0 0 0 0 1 0 0 0 0 0 0 0 0 4 7 0 1 3 1 0
2 0 0 0 1 2 1 1 2 0 0 0 0 1 6 3 1 0 2 5 3 0 0 205 147 0 138 1 0 0 1 0 0 0 1 0 1 0 2 21 5 1 0 0 0 0 0 0 17 14 0 0 0 1 10 20 5 0 2 1 8 1 0 1 0 2 3 6 0 17 19 5 3 0 1 0 0 1 0 2 3 0 0 1 2 0 0 1 2 0 0 0 0 0 0 66
5 1 1 1 2 3 104 101 95 0 1 1 3 9 1 0 0 0 4 1 0 1 55 0 0 142 0 134 0 3 0 0 0 1 0 0 0 0 0 0 13 10 7 4 2 0 0 0 19 0 0 1 0 0 13 27 0 1 5 0 11 5 3 0 1 0 0 0 7 8 9 30 37 43 47 0 1 2 0 0 0 4 1 0 0 3 34 36 37 42 43 0 55 60 63 0
0 0 123 120 116 107 0 0 1 89 0 20 13 2 1 0 0 1 0 0 0 0 7 43 0 0 0 1 130 103 3 1 2 0 0 0 0 0 0 0 0 0 0 0 0 1 1 1 0 21 1 7 2 0 14 0 62 32 23 19 6 0 0 2 0 0 5 6 8 0 0 0 1 0 0 54 0 0 3 2 1 0 20 23 26 28 0 0 3 0 1 53 3 0 0 0
128 124 0 0 0 0 0 0 0 0 84 59 0 0 0 0 0 0 0 0 4 6 1 5 33 0 0 24 0 2 90 84 83 6 3 1 1 1 0 0 0 0 0 0 0 1 6 0 0 1 22 9 0 0 84 66 1 0 0 0 0 4 0 5 0 0 0 0 5 19 0 2 29 2 1 0 110 16 0 0 3 8 2 0 0 0 0 1 2 4 6 2 0 2 3 10
0 0 6 0 0 0 4 2 0 0 1 0 56 14 0 9 7 3 0 2 0 0 4 0 1 28 2 23 0 0 2 1 1 70 64 2 2 1 0 2 1 1 0 1 0 0 2 7 2 2 23 11 0 0 152 2 1 0 0 1 0 33 6 1 0 0 0 3 0 1 21 25 0 39 44 46 5 2 6 2 0 0 0 0 0 0 0 1 0 0 0 0 0 1 4 0
0 1 0 11 3 0 16 14 3 0 0 0 3 34 11 0 0 0 0 0 0 0 2 0 1 22 0 0 22 0 0 0 0 2 1 60 55 0 4 2 2 0 1 2 1 1 0 3 8 6 36 1 0 0 62 56 55 48 46 38 37 2 20 3 2 0 0 0 0 0 1 0 2 4 0 0 4 1 1 0 0 0 1 2 3 5 10 0 14 15 16 17 0 0 0 0
0 1 0 1 2 0 0 3 5 1 0 0 1 0 32 25 0 0 0 0 0 0 0 0 0 3 16 5 0 21 16 9 0 0 0 0 2 48 37 30 5 0 5 0 2 2 0 5 9 7 40 0 0 0 1 1 0 5 2 4 0 1 1 11 1 0 0 0 1 0 0 1 0 3 0 3 0 0 0 3 4 0 1 0 1 2 0 12 0 1 2 0 18 0 1 2
2 3 7 0 0 1 0 0 1 4 2 0 0 0 3 1 22 20 17 2 0 0 0 1 2 2 6 0 2 0 2 5 8 1 0 0 0 2 1 2 23 10 2 1 0 7 1 6 10 52 2 1 0 0 0 2 1 0 1 1 2 0 0 3 4 1 0 0 0 2 0 0 0 0 0 0 0 0 0 0 0 6 7 45 0 1 0 0 1 2 3 7 9 19 0 0
12 13 48 0 1 0 0 0 0 0 0 0 0 0 0 0 0 0 0 10 7 0 0 0 0 0 5 0 0 0 1 1 2 5 3 1 0 0 0 1 4 6 0 0 0 1 18 18 54 0 0 1 0 1 4 3 2 1 0 0 0 1 0 1 1 0 1 1 0 1 4 1 0 0 0 1 3 1 0 0 0 1 34 1 48 49 52 54 55 56 0 0 0 11 112 0
0 1 19 12 0 0 2 0 0 0 0 0 2 0 0 0 0 0 0 0 0 4 3 0 0 1 3 0 1 0 0 0 0 0 0 0 0 0 0 1 1 3 1 2 4 5 0 95 0 0 4 0 9 5 6 1 0 3 2 1 0 0 0 0 0 1 1 6 1 2 0 7 2 0 0 0 1 4 3 0 29 31 0 0 1 2 3 4 5 0 59 76 77 78 0 246
4 6 9 0 7 4 0 1 1 1 2 0 4 0 0 2 2 1 0 0 0 0 0 0 0 0 0 2 0 0 0 0 0 0 0 0 0 2 0 0 0 2 0 0 0 0 1 69 0 1 17 11 0 8 0 6 5 0 0 0 0 0 0 0 0 1 4 0 7 5 1 0 11 2 0 0 0 2 12 23 2 0 0 1 2 3 4 5 6 13 14 0 0 0 128 1
0 1 6 0 0 6 10 104 99 93 3 1 5 1 15 13 8 2 1 2 0 2 0 0 1 2 1 90 86 79 0 1 2 0 2 1 6 2 1 0 0 0 0 0 1 0 0 28 36 33 14 0 10 0 7 0 0 1 3 1 0 1 0 1 1 2 3 9 9 6 0 3 15 1 0 0 3 0 7 1 1 0 0 0 0 1 2 0 0 0 0 0 3 0 126 1
0 1 3 0 4 0 1 1 2 3 82 73 71 63 0 0 1 1 5 220 134 132 127 124 121 116 93 0 1 1 76 67 53 51 2 7 0 0 0 0 0 0 2 0 13 21 22 26 0 0 0 11 0 8 17 15 13 10 5 4 2 0 0 1 2 3 4 5 16 10 12 0 18 1 0 0 0 4 0 0 0 0 3 6 0 1 3 8 10 12 15 0 25 120 0 0
0 1 0 0 0 0 0 0 1 2 5 0 0 6 36 0 0 0 0 81 0 0 0 0 1 0 15 0 0 0 3 1 9 0 44 1 2 0 7 2 0 0 5 11 0 2 2 3 8 0 0 0 10 19 0 6 5 4 3 2 1 0 0 2 2 0 0 0 0 29 13 20 2 0 1 1 0 1 0 0 0 0 0 2 10 0 0 0 1 2 4 23 33 1 53 10
0 0 0 1 15 22 1 0 0 1 1 2 0 5 0 33 2 0 0 2 75 0 0 0 0 0 0 13 0 1 0 0 2 4 29 3 10 9 0 1 0 3 0 0 1 1 2 1 0 9 2 1 40 8 7 0 4 3 2 1 0 1 0 0 3 3 1 1 1 0 65 0 3 1 4 0 0 2 6 1 1 0 0 0 1 11 0 0 0 0 0 0 32 0 41 1
0 0 1 11 0 18 0 1 0 0 0 1 2 0 0 27 0 0 0 0 2 70 67 58 0 0 0 11 8 0 0 1 1 1 1 26 0 2 1 0 0 1 0 0 0 1 0 1 2 17 5 41 0 0 7 5 2 1 0 0 0 2 0 1 1 4 4 2 2 2 67 1 6 5 1 0 0 0 1 9 0 4 0 0 1 4 18 19 22 25 26 27 3 0 40 0
0 0 1 6 0 0 16 7 1 0 0 0 0 0 0 26 18 7 6 1 0 0 6 0 53 37 0 0 1 6 0 0 0 0 0 2 10 4 1 0 0 0 0 0 0 0 0 0 2 0 25 123 0 9 5 4 0 2 1 4 1 0 6 0 2 2 5 5 3 3 3 70 18 4 1 0 1 0 12 0 0 0 5 1 0 0 0 0 0 0 1 0 0 0 0 37
0 0 3 0 0 4 0 0 3 0 0 0 0 0 2 1 0 9 0 4 0 0 4 1 10 0 34 12 0 0 4 2 0 0 0 0 0 0 1 0 1 0 3 0 1 0 0 0 0 1 32 0 44 41 0 13 12 8 7 0 1 0 0 8 1 3 3 10 10 0 4 94 0 0 1 2 0 0 1 14 1 0 8 0 3 4 7 0 0 0 0 5 1 0 0 0
0 0 0 0 0 0 0 0 1 0 1 0 1 1 0 0 0 3 4 1 1 0 2 0 9 13 0 4 10 6 0 0 0 0 2 0 0 0 0 0 3 1 5 2 0 1 0 2 0 1 0 0 1 0 23 3 2 1 0 0 0 0 1 2 12 2 4 0 11 11 6 96 1 0 2 3 1 1 2 15 2 0 0 11 0 0 1 28 0 2 74 65 64 1 1 0
2 0 0 0 0 0 0 0 0 0 3 1 2 2 2 0 0 0 2 3 0 0 1 7 0 0 11 0 2 2 4 0 0 0 4 2 0 2 0 0 0 6 6 3 1 2 0 3 0 0 0 1 0 0 0 3 2 1 0 0 0 0 0 0 1 15 3 6 0 24 0 7 99 1 3 4 2 2 3 16 3 1 0 0 13 15 16 0 30 111 0 0 1 59 50 12
3 2 0 1 1 1 1 0 2 1 4 8 330 325 313 1 1 0 1 1 2 0 0 2 3 1 7 0 1 1 1 0 0 2 0 9 3 1 0 1 0 1 14 4 2 0 3 1 5 0 1 0 5 0 1 0 0 0 0 2 0 0 1 1 0 0 20 0 9 0 27 0 9 113 119 125 133 0 4 0 26 4 0 0 1 2 3 0 1 114 1 0 0 4 0 36
4 3 1 2 2 7 4 1 3 6 3 0 0 1 5 306 4 2 0 0 0 0 0 0 2 0 0 5 0 0 0 0 1 2 8 11 8 1 0 2 0 1 2 20 3 0 1 6 6 0 4 7 0 0 2 0 1 1 1 4 0 1 0 3 6 8 31 32 38 49 51 80 0 0 0 1 136 5 1 0 29 1 0 0 0 0 0 5 8 0 6 2 1 0 2 0
36 0 4 25 16 1 0 0 64 1 1 0 0 2 4 298 0 2 0 0 0 0 0 0 0 0 2 0 0 0 1 2 0 1 0 31 1 0 1 0 4 2 0 3 25 4 3 7 7 0 0 14 0 4 0 6 2 2 0 5 1 2 0 0 1 2 3 4 0 0 0 0 82 83 0 0 0 138 147 31 0 0 0 0 1 1 1 0 25 0 2 1 0 0 0 0
2 22 1 1 3 1 1 49 0 0 0 0 1 0 1 296 4 0 1 10 8 6 5 2 1 0 0 0 0 1 2 3 7 0 1 36 0 0 2 1 5 4 0 0 0 27 9 18 1 0 3 15 1 5 13 4 3 0 7 2 3 0 0 2 3 4 5 0 1 4 0 0 0 0 86 0 1 0 0 181 1 1 1 1 2 0 5 21 0 1 0 2 1 0 0 0
1 21 0 0 2 0 0 0 43 2 1 0 0 0 0 2 285 2 12 0 0 0 0 0 0 0 0 0 1 2 3 4 5 20 21 22 39 0 3 0 8 5 2 0 0 0 59 0 0 0 5 16 2 20 0 0 1 0 8 9 1 0 0 0 1 0 1 8 10 11 0 2 4 1 0 87 1 3 0 0 182 4 2 5 0 12 14 0 0 228 173 53 7 6 4 2
0 17 1 0 0 0 0 3 34 0 0 0 0 0 0 0 208 72 56 54 7 5 3 1 3 1 0 0 0 1 2 4 5 0 4 6 31 45 0 0 20 3 0 1 1 0 62 0 0 0 1 6 41 0 2 0 13 9 10 0 0 2 0 0 0 2 0 0 0 1 0 1 2 11 0 0 88 95 1 1 0 188 0 0 6 0 0 0 225 0 115 0 44 0 0 1
0 12 3 1 0 0 1 0 3 28 25 19 13 1 0 0 205 0 0 0 44 13 9 8 3 2 0 0 1 0 0 0 1 2 0 0 0 89 93 3 2 1 8 5 0 0 0 64 1 0 2 7 43 0 3 51 35 34 33 18 0 6 0 0 2 1 4 0 0 0 2 0 1 14 1 0 2 99 100 105 1 0 190 1 0 0 1 0 222 0 113 0 0 42 38 31
7 1 0 0 0 0 1 2 0 0 3 0 2 9 0 0 193 9 6 0 7 21 2 1 0 0 0 0 1 3 0 1 0 1 2 3 4 4 1 1 1 0 0 0 0 0 0 67 2 1 12 0 45 0 58 1 0 0 0 1 14 0 0 0 0 3 2 5 2 1 3 0 2 15 0 0 0 0 0 0 108 1 0 191 195 0 0 221 0 0 110 92 90 0 1 3
0 0 0 0 1 0 0 0 0 0 1 0 0 1 4 0 191 0 0 4 1 6 20 0 1 2 0 0 1 6 0 0 3 0 0 1 2 0 0 0 0 0 1 2 2 0 1 73 0 2 13 46 0 60 0 8 7 4 2 0 2 2 1 2 5 4 0 4 9 0 6 1 0 20 0 1 0 2 1 1 109 0 2 1 2 210 213 0 0 0 14 2 0 88 0 0
0 0 1 1 2 1 1 1 8 1 0 0 0 1 0 0 190 25 0 0 0 0 5 18 5 1 0 1 4 0 8 10 11 16 18 0 0 1 0 0 0 0 0 0 6 0 2 77 0 4 0 63 0 62 9 1 0 0 0 1 1 1 0 0 1 16 0 0 16 0 9 2 1 23 1 3 0 0 3 4 111 0 0 4 12 0 0 0 0 0 0 8 0 0 85 83
1 1 2 2 39 33 31 10 0 4 2 0 0 0 1 158 4 5 17 1 0 0 0 3 9 7 3 0 6 0 11 13 14 15 16 36 38 39 65 3 1 3 4 1 8 0 0 0 79 5 1 0 112 43 14 1 0 1 0 0 0 0 0 1 2 0 18 1 0 18 0 10 3 0 24 6 1 1 0 9 113 0 0 1 2 0 0 3 0 2 0 7 2 1 0 0
2 2 50 43 0 0 0 14 1 0 0 0 0 1 2 155 1 1 4 14 13 12 8 2 2 0 2 1 0 9 0 0 4 6 13 15 17 19 1 1 0 0 1 7 11 0 2 1 0 0 1 0 1 2 27 8 7 1 0 0 0 0 0 1 0 1 21 0 2 0 19 32 0 6 80 90 94 95 101 112 229 0 0 4 0 0 1 0 12 2 1 0 3 2 1 0
5 62 0 0 1 0 0 0 9 6 5 1 0 0 1 144 4 0 0 3 0 1 3 0 1 1 1 0 0 0 1 2 0 0 4 0 0 0 0 0 0 2 3 4 25 1 0 0 0 5 4 0 0 1 4 12 5 2 1 0 1 1 0 0 2 3 4 28 0 3 1 37 38 46 0 1 0 0 0 0 0 231 285 1 0 0 0 0 665 3 2 1 0 6 5 4
1 0 70 0 0 0 0 0 0 0 0 1 0 1 139 0 2 3 1 0 0 0 0 1 0 0 0 0 0 0 0 1 2 3 0 2 0 0 58 59 65 66 67 68 69 0 0 0 1 0 0 1 0 0 3 4 0 4 1 0 2 2 1 1 0 0 1 2 34 4 0 0 0 4 0 0 0 0 0 0 31 32 48 0 0 0 0 555 0 104 103 102 100 0 0 0
0 0 0 65 61 44 38 0 0 0 0 0 0 1 2 131 1 1 0 0 0 0 1 0 1 0 0 0 2 4 5 6 7 8 0 0 4 56 2 4 0 1 0 9 12 0 0 1 0 4 2 1 0 0 0 0 3 0 1 0 1 6 2 2 0 1 0 0 0 2 0 2 3 0 0 0 0 1 27 29 0 11 0 0 0 0 519 26 3 2 1 0 0 91 0 87
1 0 0 1 14 0 1 35 1 1 0 0 0 0 0 125 2 0 0 0 1 1 2 2 0 3 1 0 0 0 1 0 0 0 10 44 49 1 0 2 3 4 7 0 0 22 0 0 3 0 0 0 0 0 0 0 1 0 0 0 4 0 10 3 0 1 2 5 0 0 0 0 0 0 2 0 15 21 0 0 0 6 1 1 0 2 512 0 25 0 1 0 1 0 88 0
1 0 0 2 8 1 0 0 30 23 11 10 6 2 0 124 0 0 0 36 34 31 28 21 18 1 0 0 0 0 0 3 24 29 32 2 0 0 0 0 0 2 3 4 18 0 0 0 0 0 0 2 0 1 2 0 0 0 0 0 1 5 12 4 1 0 44 50 0 0 0 0 1 33 0 10 0 0 3 0 5 0 0 2 2 386 0 124 0 23 3 2 0 7 6 4
1 0 0 0 0 6 0 0 1 0 9 0 0 1 0 0 122 0 48 9 8 7 6 2 0 11 9 1 0 3 16 18 1 0 1 1 0 0 0 0 0 0 2 6 12 2 1 0 0 0 2 3 1 2 4 0 1 1 1 0 0 2 6 18 39 40 0 2 0 0 1 19 22 2 1 0 8 1 0 0 3 0 1 0 376 3 0 0 121 0 16 13 10 1 0 0
0 0 0 0 0 0 3 0 0 1 2 3 0 0 0 1 8 111 10 9 8 7 3 2 1 0 3 2 0 9 0 0 0 0 0 0 4 5 1 1 1 0 0 1 0 0 0 0 0 3 11 2 0 3 6 0 2 0 5 1 0 1 13 16 0 0 1 0 0 9 16 1 1 1 0 1 5 0 0 0 0 0 1 0 371 0 2 0 118 0 0 0 0 1 0 0
2 1 0 1 0 0 0 0 0 0 0 0 0 0 1 2 5 1 48 4 3 2 2 2 1 0 2 1 4 3 0 2 6 8 0 1 0 0 9 0 3 6 0 0 1 1 0 0 1 107 0 0 5 0 7 1 3 0 6 2 4 0 0 0 0 1 0 0 6 0 1 0 0 0 0 4 0 1 3 0 12 13 0 3 363 0 0 0 1 115 109 1 0 26 21 19
