test_cases/Oregon_test_case/Oregon_large_test/terrain/background_srtm_data/srtm30_fdr_or.asc
ncols         240
nrows         239
xllcorner     -123
yllcorner     43
cellsize      0.008333333333
NODATA_value  -9999
[rows 122 to 182 of 239, columns 96 to 191 of 240]
1 128 64 64 32 16 4 4 4 4 4 4 4 4 4 4 4 4 4 4 8 4 8 2 2 4 4 4 4 8 8 4 4 8 4 8 8 8 16 64 64 64 64 64 64 1 1 64 16 8 8 16 16 8 16 8 16 16 8 8 8 4 2 2 1 1 2 2 4 4 2 4 4 8 8 2 4 1 1 128 64 64 1 1 1 1 1 1 1 1 128 2 4 1 128 64
128 128 64 128 64 1 1 16 16 16 16 8 4 4 8 16 16 16 4 4 4 4 4 4 4 4 8 8 16 16 16 8 8 8 8 8 8 16 16 16 128 64 4 1 2 4 1 64 32 16 16 16 8 16 8 8 8 8 8 16 8 8 2 2 1 1 1 2 2 2 4 8 4 8 8 1 2 1 128 64 64 2 2 4 1 1 2 2 2 2 4 1 2 1 64 16
128 128 64 1 128 64 64 64 64 64 32 16 16 16 16 64 64 1 1 16 16 16 16 16 16 16 16 16 64 32 32 16 16 16 16 8 8 8 4 8 8 1 2 1 1 1 1 64 4 8 64 32 4 8 8 16 16 16 16 16 16 8 2 2 1 1 1 1 2 4 4 4 8 8 4 4 2 128 64 64 64 1 1 2 1 1 1 1 1 1 2 1 1 128 64 32
128 128 64 128 64 32 64 64 64 64 64 64 64 64 32 16 64 64 64 64 16 64 64 64 64 64 32 32 64 64 64 32 32 16 32 16 8 16 8 16 16 1 1 128 128 64 128 1 2 2 4 4 4 8 16 8 16 16 16 16 16 4 1 2 2 2 2 2 1 2 4 8 4 4 4 8 2 2 4 4 4 128 1 1 2 128 128 1 1 1 1 128 128 64 32 16
16 64 1 1 1 16 16 16 64 64 64 32 1 64 64 32 16 16 128 64 32 16 4 4 8 32 64 32 16 128 64 64 64 32 64 32 8 16 16 32 16 128 128 64 128 128 128 128 2 4 4 8 8 16 16 8 8 16 16 16 16 4 2 2 2 2 2 2 2 2 4 4 4 8 8 8 1 1 2 4 2 4 128 1 2 2 4 2 2 128 128 64 64 64 64 64
16 1 1 128 64 64 32 8 16 64 64 64 128 64 128 64 32 32 128 64 64 32 16 16 16 8 8 64 16 16 32 128 128 64 64 32 16 8 16 16 1 64 32 128 128 128 128 1 1 2 4 4 8 4 8 16 8 16 16 8 4 2 4 2 2 2 2 2 2 2 2 4 4 8 8 8 4 1 4 8 1 2 2 1 1 1 1 1 1 1 1 128 64 16 64 16
32 1 128 64 16 64 32 16 16 16 128 128 64 2 1 64 16 16 16 128 128 64 64 64 32 16 16 8 32 32 16 64 64 64 64 64 32 16 16 16 4 2 4 8 4 64 128 1 128 1 4 10 16 4 8 16 16 8 16 8 16 1 2 2 2 2 2 2 4 2 2 4 8 16 16 8 8 2 2 4 4 2 4 2 4 2 4 128 128 1 2 4 64 32 64 32
16 1 128 64 1 128 64 64 32 16 4 2 2 1 128 64 32 32 64 32 32 128 64 128 64 32 32 16 16 32 32 16 16 2 128 64 64 32 32 16 4 4 4 8 8 4 2 128 1 1 128 64 32 16 16 8 16 16 16 16 32 128 1 2 2 2 1 2 2 2 4 4 8 8 4 4 4 4 4 4 4 1 2 4 1 1 2 4 2 4 4 8 16 16 8 64
4 8 64 32 128 64 32 1 64 2 4 4 4 4 4 8 32 64 32 64 32 128 64 64 64 128 64 32 32 16 16 32 32 1 4 4 8 4 8 1 2 4 4 4 4 4 1 4 1 128 64 32 64 16 32 16 16 16 16 32 64 1 1 1 2 2 2 4 2 4 2 2 4 4 4 4 4 4 4 4 4 4 1 2 2 1 1 2 2 4 8 16 16 16 8 16
4 4 8 4 4 4 4 2 4 4 4 4 4 4 4 8 8 8 32 32 32 32 64 128 64 64 32 64 32 32 32 16 2 1 2 4 8 8 8 4 2 2 4 4 4 2 2 2 4 2 1 2 4 8 64 32 16 16 16 4 8 2 2 1 1 2 4 2 4 2 4 2 2 4 4 4 4 8 4 2 4 4 8 1 1 1 128 1 1 4 16 32 64 32 16 16
4 4 4 4 4 4 4 4 4 4 1 1 16 16 16 16 8 8 8 32 32 16 64 64 32 128 64 32 64 64 64 32 1 2 2 4 4 8 8 4 2 2 2 4 4 2 2 4 4 2 4 4 8 16 4 16 4 4 4 4 8 4 2 2 2 2 4 1 2 1 2 1 1 1 1 1 4 16 8 8 4 16 16 1 1 1 2 1 4 78 16 16 64 64 32 32
4 8 4 4 8 8 16 16 4 8 16 64 64 64 32 32 16 16 8 32 32 32 128 64 64 64 64 32 64 64 64 1 1 1 2 4 8 16 4 2 4 4 2 2 2 2 4 4 4 1 2 4 8 4 8 4 8 8 8 4 4 4 1 1 1 1 1 1 1 1 1 2 128 128 1 1 2 2 4 4 8 16 16 2 2 2 1 1 133 89 48 16 16 64 32 64
16 16 1 16 16 16 16 4 136 16 64 32 128 1 64 64 16 8 16 8 8 8 4 8 64 32 128 64 32 1 1 2 1 128 1 4 8 16 4 4 4 4 8 1 2 2 4 4 8 2 4 4 4 4 4 8 16 8 4 8 8 8 2 1 1 1 1 128 2 4 64 1 1 2 4 2 1 1 2 4 4 4 4 4 4 2 4 1 194 16 64 16 16 32 64 32
64 32 64 64 64 32 1 128 16 32 32 32 128 128 1 64 16 16 8 8 16 16 16 16 16 16 64 32 1 1 1 1 2 1 1 2 4 8 4 2 4 4 4 8 1 2 4 8 16 1 4 4 4 4 8 16 16 8 4 4 8 8 1 1 1 1 2 1 1 4 2 2 2 1 2 2 2 4 1 2 2 4 4 4 2 1 1 128 64 38 16 8 16 16 8 8
64 64 64 64 64 64 64 64 32 16 16 16 64 128 1 64 32 16 8 16 8 8 8 8 8 8 8 1 1 1 1 1 1 1 1 2 2 4 8 2 4 8 8 4 4 1 4 16 64 1 2 2 4 8 4 8 4 8 8 8 16 4 8 1 2 1 1 1 1 64 1 1 2 4 8 2 2 4 4 4 2 4 1 2 1 1 128 2 1 65 48 16 16 16 16 16
128 64 32 16 64 32 1 128 64 32 4 4 4 4 128 1 64 32 16 16 16 16 16 16 8 16 8 2 1 1 1 1 128 1 1 1 2 4 4 4 14 16 4 4 8 1 2 4 4 1 4 4 4 8 4 4 8 16 4 4 8 4 8 2 2 2 4 128 1 2 1 1 1 4 4 2 1 4 2 4 4 2 4 4 128 64 64 1 128 64 64 16 32 16 8 8
1 64 32 16 16 1 128 128 64 32 16 16 16 16 8 128 64 64 32 32 32 16 16 16 16 16 16 2 2 4 128 1 1 128 128 128 1 1 17 145 81 49 17 16 16 128 2 4 4 4 4 8 4 8 4 8 16 16 16 16 16 8 16 1 2 2 2 2 4 4 4 1 4 4 16 1 1 1 1 2 4 4 2 2 4 1 2 4 64 1 64 16 8 32 16 16
128 64 32 32 4 1 1 128 128 64 64 64 32 32 16 128 64 32 16 16 64 32 32 16 16 8 8 2 2 4 1 2 1 1 1 1 128 64 64 64 64 64 64 2 4 2 1 4 8 4 4 16 8 4 8 16 16 8 64 32 32 16 32 2 4 4 2 2 4 2 4 4 2 4 8 4 2 4 4 4 4 2 2 1 2 4 1 128 16 1 64 16 16 16 32 32
64 64 4 4 4 4 4 4 4 128 64 128 64 64 32 128 64 64 32 32 16 32 32 16 8 8 16 4 4 2 2 1 2 2 1 1 128 64 64 64 64 1 1 2 4 2 1 4 2 4 2 4 8 4 8 8 16 16 16 64 64 32 1 1 2 4 1 2 4 2 4 4 4 4 4 4 8 2 2 4 4 8 2 1 4 1 128 64 32 128 64 16 16 32 16 32
4 4 4 4 4 8 4 8 8 16 16 32 128 128 64 32 64 16 16 64 32 32 32 32 16 16 16 1 4 1 1 1 1 1 2 2 1 2 4 4 4 4 2 2 4 1 1 2 4 4 4 14 16 8 4 8 16 32 32 32 64 64 64 1 1 2 2 1 2 1 2 2 1 2 2 4 4 4 2 4 4 8 1 1 128 16 64 32 2 128 64 32 32 64 32 16
4 4 4 8 8 16 16 16 16 32 16 16 128 1 1 128 64 64 32 16 16 4 64 32 32 16 16 16 2 1 1 1 1 1 1 1 1 1 1 16 1 1 2 2 4 2 4 4 15 31 157 89 48 16 16 16 16 8 16 64 64 64 1 1 128 1 4 2 1 2 2 4 2 4 4 4 4 2 4 4 4 8 1 4 64 16 1 2 4 8 16 64 16 16 16 32
4 4 8 16 16 64 64 32 16 16 32 32 1 1 1 64 64 32 32 32 16 16 16 16 32 32 32 32 64 128 128 1 1 1 1 1 1 128 64 64 2 1 1 2 4 4 15 159 223 253 248 16 64 32 32 16 16 16 16 8 4 4 1 2 1 1 2 4 2 2 1 4 1 1 1 1 1 1 1 1 2 2 4 8 16 32 128 1 132 16 16 16 32 16 16 16
1 2 16 8 32 16 128 64 32 16 16 16 16 1 128 64 32 32 32 32 16 64 64 32 32 32 64 64 128 64 1 128 128 128 64 64 64 64 64 64 1 1 1 1 7 159 223 255 253 248 16 16 64 64 64 32 16 32 16 8 4 4 4 4 1 1 1 2 4 4 1 1 1 128 64 64 64 128 64 128 1 1 128 16 32 128 2 4 72 16 16 16 16 8 16 16
64 64 32 16 4 4 8 8 64 32 64 32 1 1 128 64 32 32 16 64 32 64 64 32 16 32 32 32 2 128 1 1 1 128 1 2 2 1 1 1 1 1 1 1 199 255 255 255 254 16 64 32 16 64 64 64 32 32 16 2 2 4 4 4 2 1 1 1 3 20 128 64 128 64 32 64 2 2 4 1 1 1 64 16 32 2 1 128 16 32 16 16 16 16 8 4
64 128 64 32 16 16 16 16 8 8 8 64 1 128 64 32 16 32 32 32 4 4 4 16 8 16 8 1 1 1 1 1 1 2 128 1 1 128 1 128 1 2 1 1 195 245 249 243 117 56 16 16 16 128 64 32 32 16 32 2 4 2 4 4 2 2 2 4 64 96 1 1 128 2 4 2 4 1 1 128 1 128 64 32 2 1 128 64 32 16 16 16 32 32 16 8
16 16 128 64 64 64 32 32 16 8 8 4 4 128 64 64 32 32 32 4 4 4 4 8 8 8 16 16 64 1 2 2 2 1 1 1 128 128 128 1 1 1 128 128 64 224 16 64 224 16 32 4 8 4 4 8 64 16 64 1 2 2 4 4 4 2 1 4 128 64 128 2 2 4 8 1 1 128 64 64 128 64 32 2 1 128 64 32 32 16 8 16 8 16 32 8
16 16 128 128 64 32 64 64 32 16 16 16 16 16 16 64 64 32 4 8 16 16 16 16 16 16 16 4 2 2 1 1 1 1 128 128 64 64 128 64 1 1 1 1 128 64 32 128 64 2 4 4 4 4 4 8 4 4 4 1 2 2 2 4 4 1 1 64 16 2 2 4 1 128 16 128 64 64 32 1 128 128 128 2 1 128 16 32 16 32 16 16 8 8 16 16
16 16 128 64 64 32 32 128 64 32 32 64 32 32 32 64 32 16 8 16 16 16 16 16 32 32 16 16 1 1 1 128 128 64 64 64 4 2 2 2 128 1 1 1 64 16 16 16 2 4 4 8 8 4 4 8 4 2 4 4 2 2 4 1 1 128 128 64 2 4 4 1 128 64 32 64 32 128 64 1 64 1 128 1 128 64 32 64 32 16 32 16 16 16 16 64
4 8 8 4 128 64 32 16 64 128 64 32 16 64 1 1 64 32 16 16 16 16 16 32 32 64 64 32 128 128 64 64 64 128 128 1 1 2 4 2 2 128 128 64 64 32 8 2 1 4 8 16 4 8 4 4 4 1 4 4 4 1 1 128 64 1 128 2 4 1 128 16 64 64 64 128 64 64 4 128 64 1 2 1 64 16 32 16 64 32 64 32 32 4 16 8
16 4 4 4 8 8 64 32 128 128 64 64 32 1 1 1 64 64 32 16 16 16 32 32 32 32 64 64 128 64 1 1 1 2 1 128 2 1 2 1 1 2 128 1 2 4 4 4 1 128 16 32 8 2 2 4 4 4 4 1 2 128 128 64 1 2 4 1 128 16 64 64 64 64 128 128 1 1 2 4 1 2 1 128 64 32 8 32 64 32 16 16 16 8 16 16
32 16 4 4 4 4 8 8 4 2 4 8 2 4 8 128 64 64 64 32 16 16 32 32 32 32 64 64 64 64 128 128 128 1 2 2 1 2 1 2 2 2 4 2 1 2 1 1 128 64 4 4 4 1 2 4 1 4 2 4 1 2 2 4 2 1 2 4 64 16 64 1 1 1 128 1 1 1 1 128 2 2 1 1 1 32 16 16 64 64 16 32 16 16 32 16
64 1 1 16 16 16 4 4 4 4 4 8 8 4 8 8 4 1 64 64 16 32 32 32 32 32 64 128 64 64 128 64 128 128 1 1 2 1 1 1 1 1 2 2 2 1 128 1 64 1 1 16 16 1 2 4 4 8 1 4 2 4 2 4 1 2 4 8 16 16 16 1 1 4 8 2 128 128 2 2 4 1 1 1 128 16 32 4 16 64 32 16 64 32 16 16
128 128 64 64 32 32 16 16 1 1 16 16 16 8 16 16 1 128 16 64 32 16 16 16 16 8 4 128 128 2 2 1 1 1 1 2 1 1 1 2 2 2 1 1 1 1 64 128 64 128 64 2 4 4 4 1 2 16 4 2 1 4 1 1 2 1 128 16 64 32 32 1 1 2 2 1 2 2 4 1 2 2 1 128 64 32 8 16 16 16 16 16 16 32 32 16
4 4 4 128 64 64 32 32 128 64 64 32 32 16 16 32 128 64 16 16 32 16 16 16 4 8 4 8 1 2 1 2 1 1 1 2 1 1 2 1 1 1 128 128 128 1 2 2 4 4 4 4 1 1 1 1 1 2 4 1 1 4 2 4 1 128 64 32 32 4 2 1 4 8 4 4 1 1 2 2 1 1 1 64 16 32 16 16 32 32 16 16 16 16 32 16
16 16 4 8 64 128 64 64 64 64 32 64 64 32 32 16 64 64 16 16 32 32 16 8 8 4 4 4 4 4 2 1 2 2 1 1 2 4 1 128 128 64 1 2 2 4 2 1 1 1 1 1 1 1 1 1 1 1 2 128 1 1 1 1 128 64 16 8 8 2 1 1 4 8 2 2 1 2 4 4 4 1 1 64 16 64 64 32 32 16 16 32 32 16 16 32
64 32 16 16 8 16 64 32 64 32 16 128 64 64 32 64 64 64 16 64 2 4 4 4 4 4 4 4 4 4 4 4 2 1 1 1 1 2 128 64 4 1 1 1 1 2 4 8 64 64 64 1 1 1 1 1 1 1 1 1 128 64 64 64 64 64 32 16 16 1 4 1 4 16 2 2 2 4 9 17 16 128 64 64 32 64 16 32 64 32 32 16 16 16 32 16
4 64 64 32 16 16 32 16 64 64 32 1 64 32 16 128 64 64 32 1 2 2 4 8 8 2 4 4 4 4 4 2 2 2 4 1 2 2 2 4 2 1 1 1 1 1 4 16 8 64 128 64 1 1 1 1 1 1 1 128 64 32 16 1 1 128 64 16 16 1 1 1 2 4 2 4 1 128 16 64 64 64 32 64 128 64 32 16 16 32 32 32 64 32 32 8
8 8 16 64 32 32 32 32 16 64 64 128 64 32 1 2 2 4 4 4 4 4 8 16 4 1 1 1 1 1 1 1 2 1 2 4 1 1 1 2 4 2 1 128 64 1 64 16 16 64 64 64 64 64 64 1 1 128 64 64 64 64 32 1 128 64 64 16 2 128 64 2 1 4 1 128 128 64 32 32 128 1 128 16 64 32 16 32 16 16 8 8 8 16 16 16
4 8 8 16 64 32 64 32 32 8 8 4 4 4 128 1 1 1 2 2 4 4 8 8 16 128 64 64 64 64 64 128 1 1 1 2 2 4 4 4 2 4 2 1 128 128 64 64 64 64 64 64 64 128 64 64 64 64 1 64 64 64 16 64 64 64 64 16 1 1 1 1 1 128 128 64 32 1 128 1 128 1 64 16 16 16 32 16 32 4 8 16 16 16 32 32
16 16 16 4 4 4 8 8 8 16 16 4 4 4 4 2 2 2 4 4 8 16 16 16 16 64 32 64 64 64 128 128 128 64 64 1 1 1 2 2 4 4 4 4 8 16 32 16 16 32 64 64 64 64 128 64 128 64 1 1 64 16 64 64 64 128 64 1 1 1 128 1 128 64 32 64 1 128 64 128 64 1 64 16 32 16 32 8 16 16 16 16 64 32 16 16
64 16 32 16 4 4 4 8 8 16 4 2 4 8 2 2 4 4 4 8 16 64 32 32 32 32 64 64 128 64 128 128 64 1 1 128 1 1 2 2 1 1 7 28 16 16 64 32 32 16 32 64 128 64 1 128 1 128 1 128 64 16 16 8 64 128 1 1 1 128 64 128 64 32 32 128 128 64 128 128 1 1 64 16 64 16 8 4 4 8 16 32 32 64 32 64
64 32 64 32 1 16 16 16 8 4 4 4 4 4 4 4 8 8 16 16 64 32 32 16 16 64 32 64 128 64 128 128 1 1 1 1 2 2 4 4 4 4 207 126 16 16 8 16 32 16 16 8 2 1 128 1 1 1 128 64 64 16 16 8 4 4 2 1 1 1 1 1 17 16 16 1 1 128 64 128 128 128 64 32 64 32 16 16 16 16 16 32 16 32 32 32
32 64 64 128 64 64 32 32 16 8 4 4 8 4 4 8 8 16 64 16 32 64 64 32 16 4 8 4 4 2 2 2 2 1 1 1 1 1 1 7 31 159 223 127 60 16 16 16 16 16 8 4 4 2 1 1 1 1 2 1 4 4 16 8 2 4 4 4 4 1 128 64 64 64 32 128 64 128 64 1 1 4 16 64 128 64 64 64 64 32 32 16 16 16 16 32
128 64 1 64 128 128 64 32 16 16 1 16 16 16 16 16 16 8 8 8 8 32 64 32 4 8 4 4 4 4 2 1 1 2 2 2 1 1 1 195 247 255 255 255 124 16 32 8 16 16 16 2 2 4 2 1 1 1 1 1 1 16 2 4 4 4 4 4 8 16 1 128 16 64 128 1 128 1 128 1 1 64 16 128 64 16 16 16 64 32 32 32 32 32 16 32
16 1 128 64 32 128 128 64 32 32 64 64 64 64 64 32 32 16 16 16 4 8 4 2 4 8 4 4 4 4 1 1 1 1 1 1 2 4 1 64 227 247 255 253 120 16 16 16 16 16 4 4 1 2 1 1 1 1 128 128 64 64 4 4 1 1 16 16 16 2 1 64 16 128 1 1 128 1 128 1 128 64 32 64 64 16 64 32 16 4 8 8 8 32 16 32
8 8 1 128 64 128 64 64 64 64 32 32 128 64 64 64 64 32 4 4 4 4 4 4 8 4 4 4 4 8 128 128 128 128 1 1 1 2 1 128 64 225 241 240 16 32 32 32 16 16 2 4 2 1 2 1 1 1 1 2 1 1 1 4 128 64 64 64 64 1 128 64 32 64 128 64 64 128 64 128 128 64 32 128 64 32 4 8 16 4 16 16 8 16 32 4
16 16 128 64 32 128 64 32 64 32 32 128 64 64 64 128 64 1 1 1 1 2 16 4 4 4 8 8 8 8 16 64 64 2 1 1 128 64 128 64 128 64 64 64 64 32 64 32 32 1 1 1 1 1 1 1 128 1 1 1 1 128 1 64 16 64 128 64 32 1 4 16 1 128 128 64 64 1 128 128 128 64 16 64 32 1 4 16 8 8 16 8 16 16 16 4
32 32 16 128 64 64 32 64 128 64 32 64 64 32 2 1 128 128 64 1 1 1 1 1 2 16 4 4 8 4 8 4 2 4 1 1 64 1 128 64 64 16 64 32 64 64 64 64 32 1 1 1 128 128 64 64 64 128 64 64 64 64 128 64 32 64 64 128 64 1 64 16 1 64 64 1 64 128 64 64 1 64 16 64 64 1 64 16 16 16 16 16 8 16 4 8
8 16 32 8 8 64 64 128 64 32 32 64 1 1 1 128 64 128 64 64 64 64 1 1 1 1 2 16 4 4 4 4 4 4 1 128 128 1 1 128 64 16 32 32 32 64 64 64 1 1 128 64 64 32 64 64 64 64 64 128 64 1 2 1 1 128 128 64 1 1 64 16 128 64 128 64 64 1 1 1 1 64 16 8 1 128 64 32 16 32 64 32 16 16 8 16
16 16 16 16 16 16 128 64 64 32 32 1 1 128 128 64 64 32 128 128 128 128 64 64 1 1 1 2 16 2 4 4 1 1 128 64 64 64 64 64 64 32 16 16 32 32 64 128 1 1 64 64 32 64 64 64 64 64 2 2 1 1 1 128 64 64 2 4 4 1 64 16 32 1 64 16 1 128 128 128 128 64 32 16 128 64 32 16 32 16 32 32 16 16 4 8
16 16 16 16 32 32 64 32 64 1 1 128 128 128 128 64 64 1 128 128 128 64 64 128 64 64 1 1 2 1 1 2 1 128 64 32 64 128 64 64 32 16 16 16 8 8 4 2 1 4 64 32 64 32 64 2 2 4 1 1 1 1 128 64 32 64 1 2 2 128 64 32 64 1 64 16 128 64 128 1 128 64 64 64 64 32 64 32 32 16 4 8 8 8 16 16
32 16 16 16 16 16 64 64 128 128 128 128 1 128 64 32 32 128 128 64 128 64 64 64 64 64 64 64 64 128 1 1 128 64 32 64 1 128 128 64 64 32 8 8 8 4 4 2 4 4 8 16 16 1 1 1 1 2 2 2 2 1 128 2 4 1 1 2 4 8 16 32 64 128 64 32 64 128 1 128 64 64 32 16 64 4 8 4 8 4 8 8 16 16 64 32
64 32 64 64 32 32 32 128 128 64 128 1 128 128 64 32 16 128 128 64 64 32 1 1 1 1 2 2 4 64 128 128 64 32 32 32 128 128 1 1 2 16 16 4 8 4 4 4 4 8 8 8 16 4 2 2 4 2 2 1 1 1 2 2 2 4 4 1 128 16 32 128 64 64 64 32 64 1 128 128 64 128 64 32 16 16 16 16 16 16 16 16 64 32 16 16
64 64 32 64 64 32 32 4 128 1 1 128 1 128 64 32 16 16 128 64 2 2 128 1 128 2 2 4 4 4 4 8 16 64 32 32 1 128 128 1 2 4 4 4 4 4 8 4 2 4 4 8 4 4 2 4 2 2 2 4 1 1 2 1 1 1 16 128 64 32 2 16 8 64 64 1 128 2 4 1 1 16 16 64 64 64 32 64 32 64 16 32 32 8 16 64
8 8 8 8 4 8 1 2 2 1 1 1 1 1 2 4 4 16 16 1 1 1 128 2 2 1 1 1 1 2 4 8 16 32 32 1 128 128 64 1 1 2 4 4 4 8 8 2 2 4 4 8 4 4 4 4 4 2 2 4 4 4 1 128 128 64 64 64 32 128 64 32 16 8 128 128 64 1 4 128 64 64 32 64 16 64 32 64 32 8 8 16 16 16 16 16
4 8 8 8 8 4 4 4 4 1 2 1 128 128 2 4 4 8 16 128 128 64 64 1 1 1 1 128 64 1 2 4 16 8 8 8 128 128 1 1 1 1 1 2 16 4 4 2 4 4 4 4 4 4 4 4 2 4 4 1 1 16 1 64 64 64 32 32 128 64 128 64 32 16 4 4 1 1 64 16 16 128 64 64 32 8 16 16 16 16 16 32 64 32 32 32
8 16 8 8 4 8 4 4 4 8 2 2 4 2 1 2 4 8 8 8 128 2 1 2 2 1 128 64 64 128 1 2 4 8 4 4 4 4 2 1 1 128 64 64 32 16 16 1 1 1 2 4 4 4 4 4 1 1 16 128 64 64 4 128 64 16 128 64 64 64 128 64 64 2 4 2 4 128 64 32 16 64 32 1 128 16 64 32 64 32 16 8 8 16 8 4
8 16 8 8 8 16 16 8 4 4 1 2 2 2 2 2 2 4 8 4 4 2 2 4 4 4 4 128 128 64 1 2 2 4 4 4 4 4 8 1 1 1 1 128 64 16 64 128 64 64 1 1 2 16 4 4 128 64 64 64 2 1 128 16 64 32 128 64 128 128 64 4 2 1 2 1 1 128 16 64 32 16 32 128 64 32 32 64 64 64 32 16 16 4 8 4
16 8 16 16 8 4 8 4 4 4 4 4 2 2 1 2 2 2 4 4 4 2 4 4 1 1 128 64 32 16 1 2 4 10 16 16 16 8 16 128 64 64 64 64 64 64 64 1 128 16 128 1 64 1 1 16 16 64 1 1 1 128 64 64 64 64 128 64 64 1 1 1 1 1 1 128 64 64 32 4 16 8 64 32 64 64 64 64 64 32 32 32 16 4 16 16
16 16 8 16 16 16 4 8 4 4 4 2 4 2 1 1 1 1 2 2 4 4 4 1 1 128 64 64 64 2 1 1 128 64 32 16 32 16 16 64 64 64 64 128 64 32 64 128 64 32 16 128 64 64 64 64 32 64 128 64 128 64 32 64 32 64 64 128 64 128 64 64 1 128 64 64 64 128 1 64 16 16 64 128 64 32 32 64 64 64 32 32 16 64 16 32
32 16 16 16 16 8 4 8 4 4 4 4 8 1 128 128 128 128 1 1 1 1 1 1 128 64 64 64 16 1 1 128 64 64 64 32 64 32 16 8 64 128 64 128 128 64 4 12 128 64 32 64 1 64 32 2 128 64 2 1 4 16 32 32 32 64 1 128 1 128 128 1 128 64 64 32 128 64 128 64 32 16 64 32 64 32 32 16 32 64 32 8 16 64 16 64
