test_cases/Oregon_test_case/Oregon_large_test/terrain/background_srtm_data/srtm30_fac_or.asc
ncols         240
nrows         239
xllcorner     -123
yllcorner     43
cellsize      0.008333333333
NODATA_value  -9999
[rows 152 to 227 of 239, columns 96 to 191 of 240]
5 2 1 3 1 0 0 0 0 0 0 0 0 0 0 0 0 0 23 18 3 1 1 1 1 0 1 0 3 2 0 2 0 1 12 0 0 2 0 11 0 0 7 0 0 5 1 93 98 0 0 6 0 0 2 10 4 6 7 0 0 6 0 0 0 0 4 0 1 0 0 0 1 2 3 0 1 3 5 11 0 0 14 15 16 362 1 0 0 4 0 106 105 0 1 0
0 1 6 29 19 2 1 0 1 0 3 0 0 3 0 0 0 0 22 13 0 0 0 0 0 0 0 0 1 1 0 0 0 0 0 14 16 0 4 5 18 20 30 0 1 0 89 0 3 0 4 9 1 0 1 14 0 7 0 10 0 0 7 2 0 2 0 12 5 2 0 0 1 2 0 0 0 0 0 0 0 1 3 4 340 0 0 1 0 0 1 0 70 5 2 1
0 0 0 0 3 13 6 1 2 17 40 31 0 9 3 0 1 20 0 6 4 3 2 1 0 0 0 0 0 0 0 0 1 2 3 4 0 18 19 20 0 0 0 73 76 80 81 0 0 0 0 0 0 0 0 17 28 0 0 11 0 3 0 12 13 0 237 1 0 0 0 0 1 6 0 0 2 0 0 1 4 0 0 268 63 0 24 23 19 3 2 1 0 69 1 0
0 0 0 0 1 0 4 1 9 2 0 1 28 4 0 0 4 11 2 1 5 2 1 0 1 0 1 0 0 1 1 3 0 1 2 3 5 6 7 0 34 38 40 0 0 0 1 0 0 0 0 0 2 4 6 7 8 38 1 0 14 19 0 0 0 227 0 0 0 0 0 0 1 0 7 1 0 4 7 0 0 6 8 266 0 62 19 15 0 14 13 11 1 0 68 66
30 1 1 0 0 0 2 0 8 0 0 0 9 2 2 1 3 7 2 1 0 1 0 0 3 0 3 0 0 0 2 0 5 0 0 1 6 0 0 11 0 0 0 1 0 0 0 2 6 12 15 17 18 19 20 21 22 23 65 0 0 173 175 179 181 29 0 0 0 1 0 2 6 0 8 2 0 1 0 8 1 0 6 255 0 16 1 0 14 9 0 0 8 7 0 0
0 25 23 0 6 5 0 0 1 5 0 0 7 0 0 0 2 3 0 0 0 0 1 4 0 1 4 1 1 1 0 3 0 6 8 9 10 19 0 0 0 0 1 2 5 8 0 1 0 3 0 9 10 11 12 13 14 15 16 83 150 0 0 0 0 0 26 2 0 0 3 0 10 0 0 9 3 0 91 14 3 3 0 245 0 15 0 0 1 1 7 5 4 1 5 4
0 0 0 17 5 3 4 0 0 1 1 0 4 1 0 0 0 0 0 0 1 2 2 5 1 2 5 2 2 2 1 4 0 1 0 0 1 0 20 0 1 0 1 2 6 7 21 0 0 2 3 4 3 5 12 13 14 15 31 35 22 6 0 0 1 11 9 1 0 0 7 8 20 0 0 1 68 87 9 0 0 1 0 244 5 0 6 1 0 0 0 0 0 0 0 0
1 1 0 0 2 0 2 2 0 0 0 0 0 0 0 2 0 0 0 0 0 2 15 2 0 0 15 23 29 39 43 44 52 1 5 0 0 3 5 28 0 2 0 1 0 2 22 6 3 1 2 3 2 0 5 3 5 13 0 2 21 3 0 2 6 1 6 0 0 0 0 0 0 23 49 57 0 0 0 8 0 19 243 0 0 3 0 3 1 0 0 0 98 97 95 1
2 0 1 0 0 0 0 0 0 0 0 0 0 0 0 0 4 7 9 1 1 19 0 2 1 3 0 3 1 5 0 1 2 62 64 72 0 0 0 0 30 0 3 0 1 10 0 0 2 0 1 2 1 3 0 2 0 6 0 1 20 2 1 1 2 0 4 0 0 2 3 13 15 48 0 1 0 0 7 0 18 0 221 206 2 1 1 0 0 1 127 125 25 0 0 91
21 9 0 0 0 0 0 0 4 2 0 1 1 1 0 0 0 0 0 10 47 42 10 5 3 0 1 2 0 4 0 1 4 0 0 0 77 80 82 1 0 32 0 4 1 0 9 3 0 1 0 1 0 2 0 0 4 0 2 3 19 0 0 0 1 0 1 0 1 2 8 0 4 1 0 0 1 4 0 14 1 0 12 0 202 0 0 137 136 135 4 2 0 22 15 14
6 0 5 1 1 2 1 5 1 0 0 2 2 2 1 0 1 1 2 63 3 8 0 0 0 2 0 1 0 2 0 1 1 0 1 2 0 1 2 83 3 37 39 9 1 0 0 3 1 0 0 0 0 0 0 3 0 1 0 6 6 1 0 0 0 0 0 1 2 3 0 0 0 0 0 0 0 0 13 0 1 3 9 0 200 0 138 0 0 3 2 0 1 2 2 1
0 3 1 0 18 67 14 2 0 0 1 0 9 0 0 2 3 75 72 2 0 1 7 1 0 0 0 0 0 0 0 0 0 1 2 3 4 0 0 3 84 0 0 2 1 0 1 0 2 1 0 0 0 0 1 0 1 2 3 0 3 2 1 0 0 0 0 0 1 2 3 7 25 4 0 0 6 7 4 0 0 0 0 1 0 197 37 35 32 21 0 1 0 0 1 1
0 2 0 14 0 1 46 2 0 1 2 1 10 1 1 7 77 0 1 0 1 0 2 1 0 0 0 0 0 0 0 0 0 0 1 2 3 9 12 17 85 1 0 0 8 7 3 2 1 0 1 0 0 1 0 1 2 3 4 0 1 2 1 0 1 1 0 1 0 0 1 0 11 1 0 3 0 2 0 37 38 40 0 0 18 0 0 0 2 1 19 17 12 2 1 0
0 0 0 13 0 0 1 42 7 0 5 137 122 120 107 91 0 0 0 0 0 0 0 0 0 2 0 1 1 0 1 1 3 5 0 0 0 1 2 5 0 0 0 0 1 0 0 5 4 3 0 1 1 0 2 0 1 2 3 17 22 4 1 0 0 4 1 2 2 0 0 10 0 0 2 0 1 35 36 4 5 321 0 1 15 5 4 0 0 0 0 0 3 8 7 0
0 0 1 0 8 0 10 1 20 3 1 0 0 9 2 1 11 5 3 1 0 0 0 0 4 0 1 2 2 1 0 4 7 10 18 20 22 0 0 1 255 0 0 0 25 23 13 2 1 0 0 0 2 6 0 4 5 6 7 0 0 0 0 3 1 11 44 40 1 0 0 7 0 1 0 12 34 0 3 0 6 305 0 0 8 0 0 1 0 0 0 0 0 2 0 6
0 0 0 6 0 0 8 0 19 1 0 0 6 1 1 0 2 0 0 0 2 0 1 0 7 0 2 3 3 2 0 1 1 0 0 1 2 243 0 253 0 32 7 7 5 0 8 3 1 0 1 1 0 0 8 0 1 56 57 58 0 1 77 82 0 2 0 31 0 0 2 0 0 0 6 3 20 0 0 4 2 300 0 4 0 0 0 1 0 6 3 1 1 0 0 0
5 0 0 0 2 4 0 1 0 17 0 2 2 0 0 0 0 52 58 60 64 69 2 9 0 1 3 4 7 1 0 0 0 0 0 1 214 0 244 6 30 0 6 0 1 2 3 3 0 0 1 6 7 30 36 49 53 0 6 8 71 73 0 5 0 1 24 0 4 0 2 0 0 5 1 0 19 0 3 1 0 298 0 1 1 0 5 0 0 8 0 5 2 1 0 29
0 2 0 0 0 1 1 0 13 1 0 1 0 0 0 0 51 0 2 2 8 19 90 101 110 6 5 8 2 0 0 0 0 0 1 2 211 3 4 0 29 1 2 2 0 1 2 1 0 0 1 16 20 0 3 2 2 2 1 0 2 0 0 0 0 0 23 2 0 0 18 0 0 3 0 16 18 0 0 0 0 296 0 0 0 0 87 67 65 53 52 0 1 0 0 30
1 0 0 0 0 0 0 6 3 1 0 0 0 1 18 45 3 0 0 1 4 9 10 12 13 125 145 12 0 2 0 1 0 2 0 207 2 1 8 20 5 0 0 1 1 0 1 0 1 2 8 4 0 1 2 1 1 1 0 0 0 0 1 0 19 22 0 0 0 1 15 5 0 0 14 0 0 0 7 9 13 293 0 0 0 12 0 3 0 1 39 4 1 0 35 2
9 8 7 5 2 0 4 0 1 0 0 0 11 15 1 22 1 0 0 3 8 6 2 0 4 7 8 157 1 3 1 2 1 5 204 0 1 0 5 10 0 2 1 0 0 0 0 0 0 1 4 0 2 0 1 0 0 0 0 0 0 1 2 16 0 1 0 0 0 0 6 0 4 0 13 0 0 5 0 2 0 271 4 1 3 0 5 2 1 0 0 38 37 36 0 178
3 2 1 0 0 0 1 1 0 2 7 9 2 0 19 1 0 0 2 7 0 4 1 1 1 1 1 3 163 0 173 177 0 194 0 1 0 0 3 3 5 2 1 0 0 0 0 0 0 1 0 0 0 0 0 0 0 0 0 2 4 5 6 2 0 0 0 3 1 0 1 0 3 0 10 0 2 0 1 0 13 256 0 0 1 0 0 0 1 0 0 0 0 184 183 0
19 13 12 10 4 1 0 0 1 3 0 1 0 6 10 0 0 0 1 4 2 0 0 0 0 0 0 0 0 165 0 2 187 2 1 0 0 2 1 0 0 0 0 1 1 0 1 0 1 2 2 1 0 0 1 2 4 7 0 0 0 0 1 0 0 0 1 2 4 4 0 0 2 2 3 0 1 0 0 8 2 0 254 0 0 0 0 0 0 0 2 215 213 0 0 0
1 2 0 1 2 1 0 0 0 1 0 0 4 0 6 1 0 0 0 2 0 0 0 2 3 17 18 0 0 0 0 0 0 3 1 0 0 0 4 10 16 4 2 2 0 1 2 0 3 6 0 1 0 0 0 0 0 0 8 1 3 5 6 0 2 0 0 0 15 0 0 0 0 1 1 0 0 5 6 0 0 0 0 250 244 242 235 234 227 226 219 1 0 25 24 23
0 0 0 0 0 0 0 0 0 0 1 2 0 1 0 2 1 0 0 0 0 0 0 11 12 0 0 19 2 0 0 2 1 1 0 0 0 3 4 0 1 17 0 4 0 2 3 1 11 1 2 0 0 1 0 1 2 0 1 9 0 1 2 7 16 57 10 2 0 0 13 0 0 0 0 1 4 0 0 0 3 13 0 4 0 2 0 2 0 1 0 0 0 1 0 1
0 0 0 0 0 0 0 2 0 0 1 2 3 6 8 0 2 1 0 0 2 7 10 0 0 0 2 24 226 228 4 1 0 0 0 0 1 1 1 0 1 22 1 5 1 7 0 2 0 14 4 0 1 2 0 3 0 3 1 12 0 0 0 6 32 2 8 0 0 10 0 12 0 0 0 0 0 0 3 0 0 0 10 3 0 0 0 0 0 0 12 10 9 4 2 0
1 1 1 0 2 0 0 0 3 1 2 0 1 0 0 10 3 1 0 0 0 1 0 0 2 4 5 9 187 0 240 1 0 0 0 0 0 0 0 1 2 3 33 52 10 1 0 0 3 16 6 0 2 3 1 4 1 0 4 15 20 2 0 1 31 0 0 7 1 7 0 4 3 0 0 0 0 1 141 1 0 8 0 0 0 48 47 40 39 14 0 0 0 0 0 0
7 2 1 3 0 1 1 1 4 0 0 3 0 0 0 13 6 0 0 0 0 0 0 1 0 0 1 0 186 2 0 244 1 1 1 0 0 0 0 0 1 2 0 0 36 7 4 0 8 37 45 1 3 4 2 5 0 10 6 1 0 0 0 22 7 0 0 5 0 6 2 0 0 0 1 1 0 0 130 4 0 6 0 0 128 2 0 4 8 13 0 0 1 0 0 0
3 2 4 0 7 3 2 2 6 0 0 2 5 0 1 0 22 1 1 0 0 0 1 0 2 1 0 185 0 0 0 1 249 0 2 1 1 1 0 1 7 10 15 17 9 1 2 0 0 10 0 50 66 5 3 6 0 4 0 0 0 0 21 4 1 3 0 3 5 0 0 0 0 0 4 0 122 129 0 0 1 0 5 0 119 2 1 3 7 3 7 3 0 1 0 6
0 16 10 8 0 0 3 0 7 1 0 0 3 6 1 4 1 27 0 1 1 0 1 3 3 6 176 4 2 0 0 1 2 356 24 20 2 4 0 1 2 1 3 0 6 0 1 0 9 0 0 0 4 77 83 10 0 3 0 3 4 12 0 3 0 2 1 0 4 0 5 9 10 12 108 115 1 0 3 1 0 0 3 0 118 1 0 2 1 4 2 1 0 190 186 8
18 0 9 8 6 5 0 1 8 2 1 1 0 4 7 17 28 33 65 2 2 0 3 4 5 163 3 3 0 0 0 1 70 1 6 0 14 1 0 0 1 0 2 0 1 2 0 0 0 4 0 1 0 9 0 0 0 2 0 0 0 2 1 1 0 1 0 0 2 0 2 1 0 4 89 0 0 2 0 152 2 0 2 0 113 2 0 1 0 2 0 1 0 8 0 176
29 28 16 1 0 0 3 0 9 3 2 0 3 0 8 4 1 1 0 67 74 134 139 140 155 0 2 2 0 0 2 6 55 0 0 3 4 1 0 0 0 0 0 0 0 0 0 0 0 0 0 0 0 7 0 0 0 0 0 0 2 0 1 0 0 0 0 1 0 1 0 0 1 0 0 87 0 0 0 90 55 0 0 0 111 0 1 0 0 0 0 1 0 6 0 0
0 0 0 13 11 8 7 0 10 4 15 11 3 1 3 0 0 3 8 15 42 14 2 7 5 2 1 0 0 1 2 0 54 1 0 2 0 2 1 0 0 0 0 0 1 2 5 42 0 0 0 0 5 0 0 0 1 0 0 36 62 1 0 0 0 0 0 1 0 0 0 0 1 2 5 86 0 1 85 3 0 52 51 50 0 110 96 94 0 0 74 71 67 0 4 3
1 0 0 0 0 0 0 0 15 9 6 1 2 0 2 0 2 3 5 14 10 13 1 3 1 1 0 0 0 1 0 44 1 3 0 0 0 0 0 1 1 1 1 0 0 0 0 0 39 0 0 3 0 0 13 14 29 32 33 0 21 1 0 0 0 2 0 2 0 1 4 0 0 1 78 0 0 13 1 66 2 1 0 48 0 11 0 0 92 90 0 0 1 65 0 0
102 2 1 0 1 0 0 0 2 1 2 2 0 1 1 0 2 4 13 1 7 12 0 2 0 0 0 1 3 32 38 3 0 0 0 0 0 0 2 2 0 4 2 235 241 2 0 26 9 0 0 0 4 7 1 0 9 0 0 0 18 3 2 0 0 1 6 3 0 2 0 6 0 77 1 0 0 0 9 0 65 7 6 0 45 42 10 9 0 0 11 2 0 0 62 16
3 92 3 2 0 0 2 0 0 0 0 1 1 0 0 1 3 3 8 0 6 10 0 1 0 2 4 5 27 1 0 0 1 0 0 3 10 11 19 20 27 33 0 229 0 0 4 18 0 7 0 1 0 0 0 0 8 0 9 11 0 0 0 0 1 0 12 0 0 0 7 8 59 0 12 8 0 3 2 1 43 12 10 5 1 1 41 0 8 4 2 0 0 42 1 4
1 6 80 72 1 3 1 0 0 0 0 0 0 0 0 2 2 1 5 5 1 0 6 0 0 0 0 13 6 0 0 3 1 0 0 0 3 1 0 1 17 23 62 165 0 0 2 17 0 4 0 0 0 1 2 5 0 0 5 0 0 1 1 0 3 0 13 0 2 0 0 24 42 11 2 0 5 2 1 0 42 0 9 2 0 0 37 1 7 3 0 0 40 0 0 3
0 4 1 4 65 2 0 3 0 2 1 0 0 0 1 1 0 4 2 1 0 2 2 0 6 9 11 2 2 0 1 5 0 2 0 1 0 0 0 16 3 0 3 1 161 0 1 0 15 1 0 0 0 0 0 0 0 4 0 1 1 2 0 3 8 10 89 111 0 0 19 3 4 10 0 0 4 1 0 1 38 0 8 0 0 30 5 0 6 0 1 33 0 4 0 1
3 0 2 0 3 53 49 31 29 25 22 4 2 0 0 0 0 2 1 0 1 1 1 4 1 0 1 1 0 1 16 5 4 0 0 0 2 13 15 0 1 1 0 0 157 1 0 0 14 0 0 0 3 7 8 0 1 0 0 0 9 17 44 45 46 77 0 3 0 9 7 2 3 8 0 1 1 0 0 0 37 0 0 6 28 0 4 3 0 0 0 30 1 1 1 0
0 0 0 1 0 2 9 1 0 1 2 10 6 3 1 0 0 0 0 0 0 0 0 0 0 0 0 0 0 1 0 4 3 0 0 1 7 1 0 0 0 0 13 21 132 1 0 0 11 0 0 0 1 0 0 9 0 0 0 5 0 0 24 0 1 26 0 2 5 2 6 1 1 0 7 0 0 0 0 32 0 0 5 18 7 0 3 0 1 0 26 2 0 0 0 0
0 0 0 0 0 0 1 6 0 0 1 2 0 0 0 0 0 0 0 0 0 1 0 0 0 0 0 0 1 30 5 1 0 0 0 3 2 0 0 0 0 11 5 0 122 8 0 0 6 0 0 2 0 0 1 87 1 1 1 0 0 21 1 0 16 3 3 1 4 1 0 4 0 0 6 0 0 20 26 0 2 2 1 17 2 3 0 1 0 5 18 0 0 0 1 11
2 4 2 0 1 0 0 1 3 0 0 0 0 0 0 2 0 0 2 1 0 0 4 0 1 1 1 1 12 12 2 0 0 0 1 0 0 0 1 4 8 0 4 0 121 7 0 0 5 0 0 1 9 0 70 0 14 0 0 0 3 15 0 0 14 2 2 0 2 0 0 2 0 3 0 0 16 0 3 0 1 1 0 16 1 1 0 0 3 0 1 15 0 2 6 0
5 0 0 5 2 1 0 0 0 0 0 0 0 0 6 1 0 0 5 2 1 0 0 6 0 2 5 8 0 10 0 0 0 0 0 1 0 0 0 0 0 2 0 1 119 4 0 1 0 0 0 2 0 65 1 0 9 0 0 1 0 14 0 6 5 0 0 1 0 0 0 0 0 2 0 3 9 0 1 0 0 0 4 9 0 0 0 1 0 0 8 1 2 1 2 2
20 19 14 4 3 1 0 0 0 0 1 1 1 0 8 3 0 0 6 0 4 9 0 1 7 1 0 0 0 8 7 5 4 1 0 1 4 2 0 0 0 0 0 0 115 0 2 0 0 2 0 0 0 52 0 4 1 0 0 0 6 0 3 5 1 4 0 0 0 0 11 12 0 0 0 0 0 7 0 0 0 2 0 5 2 1 0 0 1 5 1 0 1 0 1 1
1 0 0 2 0 0 0 0 2 1 2 2 2 0 1 14 0 1 7 0 0 0 12 16 27 30 61 65 9 4 1 0 0 0 27 29 30 5 4 1 0 0 0 0 114 0 0 0 0 3 0 0 51 0 1 1 0 0 10 0 1 2 2 1 0 0 2 1 4 8 0 0 19 20 0 1 0 2 2 1 0 0 0 0 2 1 0 0 0 1 0 0 0 0 0 0
0 0 0 0 0 1 0 0 5 2 3 3 3 0 0 18 0 10 1 0 0 0 1 0 2 59 0 0 2 0 0 0 2 25 0 0 1 39 0 6 89 98 108 110 1 0 2 0 3 4 0 41 0 4 0 0 1 23 0 7 0 1 0 0 0 0 0 0 0 2 0 3 0 3 31 2 1 0 1 0 0 0 0 0 1 1 0 0 0 1 0 0 0 0 0 0
0 0 1 0 5 1 0 0 0 13 0 4 0 5 0 21 0 11 2 1 2 0 0 0 0 1 22 1 0 0 0 1 17 3 0 9 10 51 0 85 0 6 7 0 0 0 0 3 62 8 0 1 36 3 0 0 6 0 10 6 2 0 0 0 9 4 1 0 0 0 0 0 1 0 40 0 0 0 1 0 1 4 0 0 4 0 0 1 0 4 0 1 1 1 1 2
0 13 11 8 0 0 1 1 0 1 15 5 1 0 30 34 0 29 16 8 7 1 0 0 0 16 2 0 0 0 6 16 1 0 7 0 2 60 62 9 2 5 0 5 0 0 0 49 3 0 0 0 35 0 0 1 0 3 9 1 0 0 0 1 5 0 0 0 0 1 1 0 0 1 5 5 57 4 0 0 8 0 0 0 10 0 5 3 0 0 8 0 0 4 8 2
14 0 0 0 1 0 0 4 0 3 0 22 2 0 67 0 31 0 0 0 0 0 0 2 8 5 0 0 0 4 7 0 0 4 1 0 3 0 0 8 1 4 1 1 0 1 42 3 1 0 0 0 17 16 0 1 0 2 0 7 0 0 1 2 0 0 0 0 1 9 1 0 0 2 0 3 0 49 0 38 0 0 0 0 0 9 0 0 1 5 0 11 6 9 0 3
22 2 1 0 0 3 1 5 1 4 0 1 23 98 1 0 0 0 0 0 0 0 0 0 3 3 0 0 2 2 2 0 0 2 0 1 0 0 4 2 0 3 0 0 0 3 38 0 2 0 0 15 1 0 11 6 1 0 0 5 0 0 2 0 0 0 0 2 3 0 0 0 0 0 1 0 2 1 42 1 26 24 1 4 2 0 0 0 0 0 7 20 18 0 8 2
12 150 9 5 1 12 2 6 2 5 7 5 0 20 2 1 1 0 1 1 7 0 0 0 0 0 0 0 0 0 0 0 0 0 0 0 1 2 0 0 0 1 0 0 1 6 28 3 0 1 0 11 0 0 0 1 1 0 0 2 0 0 0 5 1 1 1 0 0 0 0 0 1 0 0 0 1 0 0 0 0 0 19 0 1 0 0 0 0 0 1 86 45 44 32 0
2 107 0 0 0 4 112 110 101 9 0 0 0 6 9 5 1 2 0 11 0 3 0 0 0 0 0 0 0 0 0 0 0 0 0 0 0 0 0 4 3 0 0 4 5 19 0 0 0 0 0 10 0 2 1 0 0 0 0 0 0 1 2 9 0 6 0 0 2 0 2 0 1 2 3 0 0 0 0 1 0 0 12 0 0 0 0 2 1 0 90 1 0 0 0 30
1 2 103 99 97 3 0 0 71 9 1 0 4 0 2 0 2 8 68 0 0 0 0 0 4 6 1 1 21 23 1 1 1 1 1 1 69 75 83 3 0 0 2 0 18 0 2 6 2 1 0 0 5 1 0 0 0 0 0 1 2 3 4 0 18 0 1 1 0 4 0 3 11 0 9 3 0 0 0 0 2 7 0 0 1 0 1 4 3 0 91 4 1 0 0 0
0 0 2 0 0 95 2 9 0 59 6 1 1 1 1 0 0 1 3 49 1 0 0 0 0 3 14 19 0 0 25 45 51 55 61 63 1 3 0 0 2 0 0 0 16 0 0 5 0 0 0 0 0 0 0 6 3 0 0 0 0 1 0 26 0 0 3 2 0 1 5 7 21 0 0 1 0 0 2 2 0 0 1 0 0 3 7 14 5 0 0 0 0 1 0 3
0 0 1 0 80 13 0 0 8 58 2 0 0 0 0 0 0 0 1 3 41 3 0 0 0 0 0 0 4 10 14 1 0 0 2 0 0 0 1 0 0 0 0 12 0 0 0 1 0 0 0 2 24 10 7 1 0 0 1 0 1 0 7 35 3 1 0 5 3 1 2 3 10 0 0 0 1 0 6 1 0 0 0 0 0 0 0 0 0 0 2 0 1 2 5 0
42 0 0 0 76 0 12 0 5 1 57 1 0 1 0 0 0 0 0 1 12 23 20 2 1 0 0 3 1 2 1 0 0 0 0 0 0 0 0 0 4 5 10 0 0 0 0 1 0 0 48 45 0 11 10 7 0 0 2 1 2 3 0 0 0 0 0 0 6 4 2 3 0 0 5 3 0 1 9 0 0 1 1 1 0 3 0 0 0 1 8 3 3 0 12 4
36 1 0 1 2 70 8 1 0 3 0 56 31 21 14 12 9 0 0 11 0 0 12 2 1 0 0 0 0 1 0 0 4 6 7 10 1 0 0 2 0 1 0 0 1 4 0 27 1 57 0 0 14 2 1 0 5 3 0 2 0 0 0 2 1 0 3 8 7 26 0 0 0 9 0 0 3 6 17 1 1 0 6 2 1 65 1 1 1 11 0 5 0 14 1 0
0 35 0 0 1 69 6 0 0 0 1 23 2 3 5 0 1 6 0 0 8 5 0 4 0 0 0 0 0 0 0 1 0 0 0 0 12 18 19 0 0 1 2 3 7 13 0 21 69 0 5 0 1 8 4 3 2 1 0 0 4 1 4 2 0 0 2 0 12 0 29 0 14 1 0 0 0 0 0 18 38 0 0 52 58 0 74 6 2 47 26 19 18 2 0 0
12 0 32 28 0 67 0 5 1 0 0 0 21 1 2 3 0 1 3 4 2 0 3 1 0 0 4 1 0 0 0 0 0 0 1 2 0 0 0 22 23 0 0 0 0 0 19 3 4 0 3 0 0 0 1 0 0 0 1 3 5 2 0 9 0 0 0 0 0 0 0 46 0 0 0 0 0 2 12 14 0 40 43 0 0 2 1 0 48 0 6 5 4 3 2 14
2 8 2 26 0 0 65 0 2 1 0 0 16 2 0 1 2 0 2 3 1 1 0 0 7 12 19 31 0 1 1 0 2 0 0 0 3 0 0 0 0 26 0 1 0 0 3 2 3 0 1 0 15 14 7 6 0 1 0 0 11 0 5 16 2 0 0 0 0 0 3 48 1 0 0 0 3 7 0 0 0 1 0 1 0 0 0 1 55 0 0 0 0 0 23 7
1 7 1 24 0 0 51 11 8 6 1 0 0 14 1 0 0 1 1 2 0 0 0 6 3 0 3 6 70 6 1 0 3 0 1 4 0 5 1 1 0 0 27 31 1 0 0 1 0 0 18 17 0 5 0 0 3 0 1 0 0 12 0 0 20 1 1 2 0 0 5 52 1 1 0 0 0 0 0 0 1 3 4 2 0 0 0 0 1 56 1 3 0 25 1 0
0 6 0 0 22 0 50 0 0 0 3 1 0 2 10 1 0 0 0 0 0 0 4 2 1 2 0 0 18 11 1 0 0 5 0 0 5 1 8 0 4 0 1 0 35 0 0 0 0 2 5 1 0 0 2 0 0 0 2 2 0 14 0 0 1 21 26 3 1 0 0 0 0 7 5 1 0 0 0 0 0 0 0 11 12 2 0 0 1 2 66 0 26 2 26 25
0 4 1 7 0 10 0 49 47 1 0 0 0 1 1 7 5 0 0 0 1 2 0 0 0 0 1 2 14 10 2 6 1 0 6 8 16 2 9 0 0 6 8 11 12 37 2 0 0 0 1 1 0 3 1 0 3 0 0 4 10 17 0 0 3 0 0 35 0 3 0 0 0 0 0 0 1 0 7 2 0 0 0 0 1 20 0 0 0 1 2 102 3 28 0 4
3 0 1 2 0 8 3 0 0 43 9 8 5 0 0 0 0 3 1 0 0 3 4 8 10 11 12 13 9 1 1 3 15 0 0 0 1 19 23 35 0 0 0 0 51 0 4 0 0 0 1 7 0 0 5 4 0 0 0 0 0 32 1 0 0 6 0 36 11 6 4 3 0 0 0 2 3 0 9 0 0 2 0 0 0 0 28 30 0 0 0 134 30 0 5 0
2 0 0 1 0 0 0 2 1 0 32 30 0 1 0 0 0 1 0 0 1 0 2 0 0 3 5 8 0 0 0 0 0 18 0 1 0 0 0 0 37 0 3 57 0 6 0 0 0 2 0 9 0 0 0 1 0 3 0 0 0 35 0 2 0 0 9 49 0 0 0 0 0 1 0 0 4 15 0 0 5 0 0 0 0 3 0 0 31 34 173 136 0 88 87 80
0 1 2 0 0 0 0 0 7 4 3 0 29 22 8 6 4 1 0 0 0 0 0 0 1 0 0 0 0 0 0 0 0 0 21 0 2 5 7 39 0 0 1 0 59 7 3 0 0 1 5 12 0 1 5 1 0 4 0 2 0 36 0 3 0 0 11 0 53 0 0 0 0 3 0 0 0 21 9 6 0 0 1 1 0 0 0 4 0 0 0 0 89 0 0 0
6 8 9 19 1 3 0 10 0 1 0 2 5 0 11 4 2 0 0 0 3 1 0 0 0 0 0 0 0 1 1 3 6 7 0 22 24 0 0 48 0 2 0 3 65 12 1 0 0 0 21 1 0 8 0 0 6 0 0 0 4 0 42 2 0 0 12 0 0 58 1 1 5 0 1 0 5 38 0 0 1 1 2 2 0 0 0 0 7 10 1 1 96 5 2 0
0 2 3 0 0 0 0 14 2 1 0 0 0 4 0 4 0 0 0 2 3 8 17 1 1 1 0 1 3 7 8 9 0 0 8 1 0 27 0 50 0 1 5 0 0 82 0 0 1 23 0 0 0 10 0 12 10 1 0 0 7 0 46 0 0 1 14 0 0 2 0 0 24 1 2 0 0 0 41 0 2 2 3 7 2 0 0 0 0 1 117 97 0 0 0 2
1 0 1 2 3 0 0 8 7 3 2 1 0 2 0 0 2 0 0 1 2 4 0 20 27 28 32 33 0 0 0 1 10 1 1 9 2 3 33 0 51 0 0 6 1 85 0 0 3 24 3 0 0 12 1 13 1 0 1 9 0 49 0 2 0 28 19 3 0 0 1 11 0 20 1 0 0 2 42 1 6 4 8 0 0 0 5 0 0 0 0 119 0 1 4 0
0 1 2 3 4 0 0 1 0 2 1 0 0 0 1 0 0 0 0 0 0 0 0 0 0 0 0 0 34 37 0 0 3 20 23 26 39 40 41 35 0 52 54 63 0 89 0 6 0 25 6 1 0 13 2 0 17 0 0 12 0 52 0 3 31 0 5 3 0 0 0 8 0 0 12 0 2 7 65 7 0 14 1 0 2 8 1 2 0 0 0 1 125 18 14 7
0 1 0 1 13 0 0 2 1 0 0 1 4 2 1 0 0 2 7 10 12 0 0 0 1 2 5 1 0 38 0 1 2 0 1 1 1 0 0 42 36 1 0 0 65 90 0 7 0 33 0 0 15 0 3 39 19 1 13 0 58 54 0 0 1 0 0 0 0 0 4 1 0 5 11 0 0 0 3 122 54 0 23 20 15 4 1 0 0 1 0 0 1 0 0 1
3 4 7 9 10 40 87 14 13 12 10 7 1 0 0 0 0 0 0 0 0 14 17 0 0 0 0 6 3 39 1 0 0 0 0 0 0 3 2 0 43 37 3 1 66 0 92 9 0 34 1 17 1 0 4 42 0 16 1 59 0 1 0 3 3 2 0 0 0 1 0 0 1 1 4 0 0 0 0 0 2 33 31 1 0 0 1 0 0 2 6 0 0 1 0 2
0 0 0 0 29 9 1 69 3 2 1 0 0 1 1 0 0 0 0 0 0 0 0 18 1 1 2 0 7 44 2 0 4 0 0 0 0 1 6 3 1 82 4 7 68 0 93 0 69 57 21 0 5 0 49 0 0 63 62 1 0 0 0 11 0 0 0 4 1 0 0 0 0 2 0 0 3 0 0 0 0 0 0 3 2 1 0 0 0 0 3 12 0 0 4 0
1 1 2 0 27 8 0 52 11 3 2 1 2 2 0 1 1 1 1 0 1 1 2 19 0 2 2 4 0 8 54 3 4 11 1 16 0 1 0 8 13 99 0 0 175 95 0 71 22 0 10 9 0 0 51 0 65 0 0 2 0 0 0 15 2 0 0 6 0 1 0 0 1 0 1 2 10 1 0 0 0 0 0 2 1 0 1 0 0 1 2 18 19 26 28 34
13 2 0 6 18 4 2 1 49 6 5 4 0 3 1 2 2 2 0 3 0 2 5 20 22 3 7 8 15 0 0 55 0 0 12 0 17 0 3 0 0 1 100 1 179 0 122 49 0 20 8 1 0 0 101 97 28 0 8 3 2 0 18 0 2 1 0 7 2 0 0 0 0 0 1 2 6 0 0 3 0 0 9 0 5 4 1 0 0 1 0 0 3 0 0 1
16 3 0 0 17 3 1 0 3 44 11 0 0 4 2 3 3 3 1 0 5 9 49 56 57 81 0 0 0 16 18 76 0 2 0 0 19 0 1 6 1 0 2 101 0 312 0 0 23 14 0 7 4 2 0 0 1 26 24 0 0 0 0 22 1 0 1 8 3 1 1 1 1 0 0 0 1 1 0 4 1 0 0 17 0 0 0 0 0 0 0 0 0 0 0 0
22 0 0 7 1 6 2 0 2 30 0 9 5 0 0 4 22 31 32 36 37 38 0 1 0 0 83 0 1 1 0 0 77 79 3 6 0 20 31 33 41 48 53 54 472 0 7 0 7 0 12 0 0 0 1 0 0 0 0 12 5 4 0 25 0 3 0 9 4 2 2 2 2 1 0 1 0 0 9 2 0 0 0 18 1 0 1 2 0 0 2 0 0 1 0 12
