test_cases/Oregon_test_case/Oregon_large_test/terrain/srtm30_cgiar41_fac_fill_or.asc
ncols         240
nrows         239
xllcorner     -123
yllcorner     43
cellsize      0.008333333333
NODATA_value  -9999
[rows 144 to 215 of 239, columns 96 to 191 of 240]
133 127 0 0 1 0 0 0 9 6 5 1 0 0 1 144 4 0 0 3 0 1 3 0 1 1 1 0 0 0 1 2 0 0 4 0 0 0 0 0 70 72 73 74 75 76 240 71 7 6 8 617 0 1 4 12 5 2 1 0 1 1 0 0 2 3 4 28 0 3 1 54 55 163 0 1 0 0 0 0 0 349 3010 2 0 0 0 0 3599 3 2 1 0 6 5 4
1 0 70 0 0 0 0 0 0 0 0 1 0 1 139 0 2 3 1 0 0 0 0 1 0 0 0 0 0 0 0 1 2 3 0 2 0 0 58 59 65 66 67 68 69 70 71 385 8 7 629 1 0 0 3 4 0 4 1 0 2 2 1 1 0 0 1 2 34 39 0 0 0 104 0 0 0 0 0 0 2641 2642 2658 0 0 0 0 3489 0 104 103 102 100 0 0 0
0 0 0 65 61 44 38 0 0 0 0 0 0 1 2 131 1 1 0 0 0 0 1 0 1 0 0 0 2 4 5 6 7 8 0 0 4 56 2 4 0 1 0 1 2 3 37 39 435 8 632 1 0 0 0 0 3 0 1 0 1 6 2 2 0 1 0 0 0 59 100 102 103 0 0 0 0 1 2637 2639 0 11 0 0 0 0 3481 26 3 2 1 0 0 91 0 87
1 0 0 1 14 0 1 35 1 1 0 0 0 0 0 125 2 0 0 0 1 1 2 2 0 3 1 0 0 0 1 0 0 0 10 44 49 1 0 2 3 4 7 8 9 32 0 0 2 1082 0 0 0 0 0 0 1 0 0 0 4 0 10 3 0 1 2 5 57 0 0 0 0 0 2609 0 2625 2631 0 0 0 6 1 1 0 2 3447 0 25 0 1 0 1 0 88 0
1 0 0 2 8 1 0 0 30 23 11 10 6 2 0 124 0 0 0 36 34 31 28 21 18 1 0 0 0 0 0 3 24 29 32 2 0 0 0 0 0 2 3 4 19 0 0 0 0 0 1083 2 0 1 2 0 0 0 0 0 1 5 12 4 1 0 44 49 0 0 0 0 1 2605 0 2620 0 0 3 0 5 0 0 2 2 3238 0 206 0 23 3 2 0 7 6 4
1 0 0 0 0 6 0 0 1 0 9 0 0 1 0 0 122 0 48 9 8 7 6 2 0 11 9 1 0 3 16 18 1 0 1 1 0 0 0 0 0 0 2 6 5 2 1 0 0 0 1085 3 1 2 4 0 1 1 1 0 0 2 6 18 39 40 0 3 0 0 1 2592 2595 2 1 0 8 1 0 0 3 0 1 0 3228 3 0 0 203 0 16 13 10 1 0 0
0 0 0 0 0 0 3 0 0 1 2 3 0 0 0 1 8 111 10 9 8 7 3 2 1 0 3 2 0 9 0 0 0 0 0 0 4 5 1 1 1 0 0 2 1 0 0 0 0 3 1094 2 0 3 6 0 2 0 5 1 0 1 13 16 0 0 1 0 0 2582 2589 1 1 1 0 1 5 0 0 0 0 0 1 0 3223 0 2 0 200 0 0 0 0 1 0 0
2 1 0 1 0 0 0 0 0 0 0 0 0 0 1 2 5 1 48 4 3 2 2 2 1 0 2 1 4 3 0 2 6 8 0 1 0 0 9 0 3 6 0 0 1 1 0 0 1 1102 0 0 5 0 7 1 3 0 6 2 4 0 0 0 0 1 0 0 2579 0 1 0 0 0 0 4 0 1 3 0 12 13 0 3 3215 0 0 0 1 197 191 1 0 26 21 19
101 98 1 3 1 0 0 0 0 0 0 0 0 0 0 0 0 0 23 18 3 1 1 1 1 0 1 0 3 2 0 2 0 1 12 0 0 2 0 11 0 0 7 0 0 5 1 93 98 1202 0 6 0 0 2 10 4 6 7 0 0 6 0 0 0 0 4 0 2573 0 0 0 1 2 3 0 1 3 5 11 0 0 14 15 16 3214 1 0 0 4 0 188 187 0 1 0
0 1 91 88 82 2 1 0 1 0 3 0 0 3 0 0 0 0 22 13 0 0 0 0 0 0 0 0 1 1 0 0 0 0 0 14 16 0 4 5 18 20 30 0 1 0 89 0 3 0 1207 9 1 0 1 14 0 7 0 10 0 0 7 2 0 2 0 2565 5 2 0 0 1 2 0 0 0 0 0 0 0 1 3 4 3192 0 0 1 0 0 1 0 152 5 2 1
0 0 0 0 3 72 65 1 48 45 40 32 0 9 3 0 1 20 0 6 4 3 2 1 0 0 0 0 0 0 0 0 1 2 3 4 0 18 19 20 0 0 0 73 76 80 81 0 0 0 0 1218 0 0 0 17 28 0 0 11 0 3 0 12 13 0 2559 1 0 0 0 0 1 6 0 0 2 0 0 1 4 0 0 3120 63 0 24 23 19 3 2 1 0 151 1 0
0 0 0 0 1 0 4 60 9 2 0 1 28 4 0 0 4 11 2 1 5 2 1 0 1 0 1 0 0 1 1 3 0 1 2 3 5 6 7 0 34 38 40 0 0 0 1 0 0 0 0 0 1220 1222 1224 1225 1226 1256 1 0 14 19 0 0 0 2551 0 0 0 0 0 0 1 0 7 1 0 4 7 0 0 6 8 3118 0 62 19 15 0 14 13 11 1 0 150 148
30 1 1 0 0 0 2 0 8 0 0 0 9 2 2 1 3 7 2 1 0 1 0 0 3 0 3 0 0 0 2 0 5 0 0 1 6 0 0 11 0 0 0 1 0 0 0 2 1104 1111 1114 1116 1117 1118 1119 1120 1121 1122 2382 0 0 2495 2497 2501 2504 29 0 0 0 1 0 2 6 0 8 2 0 1 0 8 1 0 1121 3107 0 16 1 0 14 9 0 0 8 7 0 0
0 25 23 0 6 5 0 0 1 5 0 0 7 0 0 0 2 3 0 0 0 0 1 4 0 1 4 1 1 1 0 3 0 6 8 9 10 19 0 0 0 0 1 2 5 8 0 1 1096 4 0 9 10 11 12 13 14 15 16 2400 2472 0 0 0 0 0 26 2 0 0 3 0 10 0 0 9 3 0 1099 1110 1114 1118 0 1982 0 15 0 0 1 1 7 5 4 1 5 4
0 0 0 17 5 3 4 0 0 1 1 0 4 1 0 0 0 0 0 0 1 2 2 5 1 2 5 2 2 2 1 4 0 1 0 0 1 0 20 0 1 0 1 2 6 7 18 1095 0 2 3 4 3 5 12 13 14 15 31 35 27 6 0 0 1 11 9 1 0 0 7 8 20 0 0 1 1076 1095 9 0 0 1 0 1981 5 0 6 1 0 0 0 0 0 0 0 0
1 1 0 0 2 0 2 2 0 0 0 0 0 0 0 2 0 0 0 0 0 2 15 2 0 0 15 23 29 39 43 44 52 1 5 0 0 3 5 28 0 2 0 1 0 2 1069 5 3 1 2 3 2 0 5 3 5 13 0 2 26 3 0 2 6 1 6 0 0 0 0 0 0 23 1057 1065 0 0 0 8 0 21 1980 0 0 3 0 3 1 0 0 0 98 97 95 1
2 0 1 0 0 0 0 0 0 0 0 0 0 0 0 0 4 7 9 1 1 19 0 2 1 3 0 3 1 5 0 1 2 62 64 72 0 0 0 0 30 0 3 0 1 1064 0 0 2 0 1 2 1 3 0 2 0 6 0 1 25 2 1 1 2 0 4 0 0 2 3 13 15 1056 0 1 0 0 7 0 20 0 1956 300 2 1 1 0 0 1 127 125 25 0 0 91
252 240 0 0 0 0 0 0 4 2 0 1 1 1 0 0 0 0 0 10 47 42 10 5 3 0 1 2 0 4 0 1 4 0 0 0 77 80 82 1 0 32 0 4 1053 0 9 3 0 1 0 1 0 2 0 0 4 0 2 3 24 0 0 0 1 0 1 0 1 2 8 0 1012 1 0 0 1 4 0 16 1 0 1653 0 296 0 0 137 136 135 4 2 0 22 15 14
6 0 236 232 4 2 1 5 1 0 0 2 2 2 1 0 1 1 2 63 3 8 0 0 0 2 0 1 0 2 0 1 1 0 1 2 0 1 2 86 3 37 39 1051 1 0 0 3 1 0 0 0 0 0 0 3 0 1 0 6 11 1 0 0 0 0 0 1 2 3 0 0 1007 1 0 0 0 0 15 0 1 3 1650 0 294 0 138 0 0 3 2 0 1 2 2 1
0 3 1 0 225 208 14 2 0 0 1 0 9 0 0 2 3 75 72 2 0 1 7 1 0 0 0 0 0 0 0 0 0 1 2 3 4 0 0 87 88 89 953 11 37 0 1 0 2 1 0 0 0 0 1 0 1 2 3 0 8 2 1 0 0 0 0 0 1 2 3 6 999 0 0 1 8 9 4 0 0 0 1641 1 0 291 37 35 32 21 0 1 0 0 1 1
0 2 0 14 0 1 190 2 0 1 2 1 10 1 1 7 77 0 1 0 1 0 2 1 0 0 0 0 0 0 0 0 0 0 1 2 3 9 12 13 14 850 11 10 27 7 3 2 1 0 1 0 0 1 0 1 2 3 4 0 1 4 1 0 1 1 0 1 0 0 1 0 998 1 0 4 0 2 0 37 38 1640 0 0 112 0 0 0 2 1 19 17 12 2 1 0
0 0 0 13 0 0 1 186 151 144 143 137 133 120 107 91 0 0 0 0 0 0 0 0 0 2 0 1 1 0 1 1 3 5 0 0 0 1 2 3 830 3 10 9 26 0 0 5 4 3 0 1 1 0 2 0 1 2 3 18 20 22 24 0 0 4 1 2 1 0 0 994 0 0 2 0 1 35 36 4 5 1599 0 1 109 5 4 0 0 0 0 0 3 8 7 0
0 0 1 0 8 0 10 1 20 3 1 0 0 9 2 1 11 5 3 1 0 0 0 0 4 0 1 2 2 1 0 4 7 10 18 20 22 0 0 813 11 2 9 8 24 23 13 2 1 0 0 0 2 6 0 4 5 6 7 0 0 0 0 26 1 123 127 163 165 168 1 991 0 1 0 12 34 0 3 0 6 1591 0 0 102 0 0 1 0 0 0 0 0 2 0 6
0 0 0 6 0 0 8 0 19 1 0 0 6 1 1 0 2 0 0 0 2 0 1 0 7 0 2 3 3 2 0 1 1 0 0 1 2 27 796 14 10 1 8 7 6 0 8 3 1 0 1 1 0 0 8 0 1 56 57 58 0 1 77 105 112 2 0 31 0 0 985 0 0 0 6 3 20 0 0 4 2 1578 0 4 94 0 0 1 0 6 3 1 1 0 0 0
5 0 0 0 2 4 0 1 0 17 0 2 2 0 0 0 0 52 58 60 64 69 2 9 0 1 3 4 7 1 0 0 0 0 0 1 751 756 10 13 9 0 7 3 1 2 3 3 0 0 1 6 7 30 36 49 53 0 6 8 71 73 0 5 0 1 24 0 4 0 814 0 0 5 1 0 19 0 3 1 0 1576 0 1 1 93 4 0 0 8 0 5 2 1 0 29
0 2 0 0 0 1 1 0 13 1 0 1 0 0 0 0 51 0 2 2 8 19 90 101 110 6 5 8 2 0 0 0 0 0 1 2 748 3 9 12 8 1 2 2 0 1 2 1 0 0 1 16 20 0 3 2 2 2 1 0 2 0 0 0 0 0 23 2 0 0 811 0 0 3 0 16 18 0 0 0 0 1574 0 0 0 0 87 67 65 53 52 0 1 0 0 30
1 0 0 0 0 0 0 6 3 1 0 0 0 1 18 45 3 0 0 1 4 9 10 12 13 125 145 12 0 2 0 1 0 2 0 744 2 1 8 11 5 0 0 1 1 0 1 0 1 2 8 4 0 1 2 1 1 1 0 0 0 0 1 0 19 22 0 0 0 1 808 32 0 0 14 0 0 0 7 9 13 1571 0 0 0 13 0 3 0 1 39 4 1 0 35 2
9 8 7 5 2 0 4 0 1 0 0 0 11 15 1 22 1 0 0 3 8 6 2 0 4 7 8 157 1 3 1 2 1 5 741 0 1 0 5 10 3 2 1 0 0 0 0 0 0 1 4 0 2 0 1 0 0 0 0 0 0 1 2 16 0 1 0 0 0 0 772 0 31 0 13 0 0 5 0 2 0 1549 4 1 3 0 5 2 1 0 0 38 37 36 0 178
3 2 1 0 0 0 1 1 0 2 7 9 2 0 19 1 0 0 2 7 0 4 1 1 1 1 1 3 163 0 173 177 0 731 0 1 0 0 3 3 5 2 1 0 0 0 0 0 0 1 0 0 0 0 0 0 0 0 0 2 4 5 6 2 0 0 0 3 1 0 767 0 30 0 10 0 2 0 1 0 913 634 0 0 1 0 0 0 1 0 0 0 0 184 183 0
19 13 12 10 4 1 0 0 1 3 0 1 0 6 10 0 0 0 1 4 2 0 0 0 0 0 0 0 0 165 0 539 724 2 1 0 0 2 1 0 0 0 0 1 1 0 1 0 1 2 2 1 0 0 1 2 4 7 0 0 0 0 1 0 0 0 1 3 8 765 0 0 29 2 3 0 1 0 0 10 900 0 632 0 0 0 0 0 0 0 2 215 213 0 0 0
1 2 0 1 2 1 0 0 0 1 0 0 4 0 6 1 0 0 0 2 0 0 0 2 3 17 18 0 0 0 537 0 0 3 1 0 0 0 4 10 16 4 2 2 0 1 2 0 3 6 0 1 0 0 0 0 0 0 8 1 3 5 6 0 2 0 0 744 760 0 0 0 27 1 1 0 0 5 8 0 898 0 0 628 492 490 235 234 227 226 219 1 0 25 24 23
0 0 0 0 0 0 0 0 0 0 1 2 0 1 0 2 1 0 0 0 0 0 0 11 12 0 0 19 2 279 4 251 1 1 0 0 0 3 4 0 1 17 0 4 0 2 3 1 11 1 2 0 0 1 0 1 2 0 1 9 0 1 2 7 629 733 743 2 0 0 12 26 0 0 0 1 4 0 0 0 883 13 0 134 0 250 0 2 0 1 0 0 0 1 0 1
0 0 0 0 0 0 0 2 0 0 1 2 3 6 8 0 2 1 0 0 2 7 10 0 0 0 2 24 274 3 3 248 0 0 0 0 1 1 1 0 1 22 1 5 1 7 0 2 0 14 4 0 1 2 0 3 0 3 1 12 0 0 610 616 98 2 8 0 0 10 0 11 1 0 0 0 0 0 1 880 0 0 10 133 130 0 248 0 0 0 12 10 9 4 2 0
1 1 1 0 2 0 0 0 3 1 2 0 1 0 0 10 3 1 0 0 0 1 0 0 2 4 5 9 235 2 2 246 0 0 0 0 0 0 0 1 2 3 33 40 53 1 0 0 3 16 6 0 2 3 1 4 1 0 4 601 606 609 0 1 97 0 0 7 1 7 3 5 2 0 0 0 0 1 877 1 0 8 0 0 0 129 247 245 239 14 0 0 0 0 0 0
7 2 1 3 0 1 1 1 4 0 0 3 0 0 0 13 6 0 0 0 0 0 0 1 0 0 1 0 234 1 1 244 3 1 1 0 0 0 0 0 1 2 0 0 1 56 58 0 99 510 518 1 3 4 2 5 0 578 585 1 0 0 0 88 7 0 0 5 0 6 2 0 0 0 1 1 0 0 866 4 0 6 0 0 128 2 0 4 8 213 0 0 1 0 0 0
3 2 4 0 7 3 2 2 6 0 0 2 5 0 1 0 22 1 1 0 0 0 1 0 2 1 0 232 0 0 0 193 45 0 2 1 1 1 0 2 8 11 16 18 26 28 31 91 0 392 1 524 529 535 539 546 566 6 0 0 0 0 87 4 1 3 0 3 5 0 0 0 0 0 4 0 561 865 0 0 1 0 5 0 119 2 1 3 7 3 207 3 0 1 0 6
0 16 10 8 0 0 3 0 7 1 0 0 3 6 1 4 1 27 0 1 1 0 1 3 3 6 222 4 3 0 0 192 4 38 13 9 6 3 0 1 2 1 3 0 6 0 1 0 391 0 0 0 3 14 16 18 0 4 0 3 4 78 0 3 0 2 1 0 4 0 5 9 10 12 547 554 1 0 300 1 0 0 3 0 118 1 0 2 1 4 2 201 200 190 186 8
18 0 9 8 6 5 0 1 8 2 1 1 0 4 7 63 74 79 111 2 2 0 3 4 5 209 3 3 1 0 0 190 3 5 17 3 2 1 0 0 1 0 2 0 1 2 0 0 382 4 0 1 0 9 0 0 0 2 0 0 0 68 1 1 0 1 0 0 2 0 2 1 0 4 528 0 0 2 1 292 58 0 2 0 113 2 0 1 0 2 0 1 0 8 0 176
29 28 16 1 0 0 3 0 9 3 2 0 45 0 54 4 1 1 0 113 120 180 185 186 201 0 2 2 0 0 45 143 2 4 0 11 5 1 0 0 0 0 0 0 0 0 0 381 0 0 0 0 0 7 0 0 0 0 0 0 65 0 1 0 0 0 0 1 0 1 0 0 1 0 0 526 0 0 0 232 55 0 0 0 111 0 1 0 0 0 0 1 0 6 0 0
0 0 0 13 11 8 7 0 10 15 33 37 3 47 3 0 0 3 8 15 42 14 2 7 5 2 1 0 0 1 42 142 1 3 0 4 0 2 1 0 0 0 0 0 1 2 337 42 1 0 0 0 5 0 0 0 1 0 0 36 62 1 0 0 0 0 0 1 0 0 0 0 1 2 5 525 0 1 227 3 0 52 51 50 0 110 96 94 0 0 74 71 67 0 4 3
1 0 0 0 0 0 0 0 1 13 6 1 2 0 2 0 2 3 5 14 10 13 1 3 1 1 0 0 0 38 2 141 0 2 0 0 0 0 0 1 1 1 1 0 0 0 332 0 39 0 0 3 0 0 13 14 29 32 33 0 21 1 0 0 0 2 0 2 0 1 4 0 0 1 517 0 0 13 1 208 2 1 0 48 0 11 0 0 92 90 0 0 1 65 0 0
103 2 1 0 1 0 0 0 3 1 2 2 0 1 1 0 2 4 13 1 7 12 0 2 0 0 0 1 3 34 1 140 0 0 0 0 0 0 2 2 0 4 2 325 328 331 0 36 10 0 0 0 4 7 1 0 9 0 0 0 18 3 2 0 0 1 6 3 0 2 0 6 0 516 1 0 0 0 9 0 207 7 6 0 45 42 10 9 0 0 11 2 0 0 62 16
3 93 3 2 0 0 2 0 0 0 0 1 1 0 0 1 3 3 8 0 6 10 0 1 0 2 4 5 31 1 0 138 1 0 1 4 11 12 20 21 28 34 0 319 0 0 4 18 0 7 0 1 0 0 0 0 8 0 9 11 0 0 0 0 1 0 12 0 0 438 445 446 498 0 12 8 0 3 2 1 185 12 10 5 1 1 41 0 8 4 2 0 0 42 1 4
1 6 81 73 1 3 1 1 0 0 0 0 0 0 0 2 2 1 5 5 1 0 6 0 0 0 0 13 6 0 0 135 1 0 0 0 3 1 0 1 17 23 63 254 0 0 2 17 0 4 0 0 0 1 2 5 0 0 5 0 0 1 1 0 3 0 13 0 437 0 0 25 43 11 2 0 5 2 1 0 184 0 9 2 0 0 37 1 7 3 0 0 40 0 0 3
0 4 1 4 66 2 0 4 0 2 1 0 0 0 1 1 0 4 2 1 0 2 2 0 6 9 11 2 2 0 118 12 0 2 0 1 0 0 0 16 3 0 3 1 250 0 1 0 15 1 0 0 0 0 0 0 0 4 0 1 1 2 0 3 8 10 413 434 0 0 20 3 4 10 0 0 4 1 0 1 180 0 8 0 0 30 5 0 6 0 1 33 0 4 0 1
3 0 2 0 3 54 50 31 29 25 22 4 2 0 0 0 0 2 1 0 1 1 1 4 1 0 1 1 0 1 116 10 4 0 0 0 2 13 15 0 1 1 0 0 246 1 0 0 14 0 0 0 3 7 8 0 1 0 0 0 298 306 368 369 370 401 0 3 0 10 7 2 3 8 0 1 1 0 0 0 179 0 0 6 28 0 4 3 0 0 0 30 1 1 1 0
0 0 0 1 0 2 9 1 0 1 2 10 6 3 1 0 0 0 0 0 0 0 0 0 0 0 0 0 0 109 5 4 3 0 0 1 7 1 0 0 0 0 13 21 221 1 0 0 11 0 0 0 1 0 0 9 0 0 0 294 0 0 59 0 1 26 0 2 5 2 6 1 1 0 7 0 0 0 0 174 0 0 5 18 7 0 3 0 1 0 26 2 0 0 0 0
0 0 0 0 0 0 1 6 0 0 1 2 0 0 0 0 0 0 0 0 0 1 0 0 0 0 0 0 1 105 4 1 0 0 0 3 2 0 0 0 0 11 5 0 211 8 0 0 6 0 0 2 0 0 1 272 274 288 290 0 0 56 1 0 16 3 3 1 4 1 0 4 0 0 6 0 0 162 168 0 2 2 1 17 2 3 0 1 0 5 18 0 0 0 1 11
2 4 2 0 1 0 0 1 3 0 0 0 0 0 0 2 0 0 2 1 0 0 4 0 1 1 1 1 86 17 1 0 0 0 1 0 0 0 1 4 8 0 4 0 210 7 0 0 5 0 0 1 9 0 259 0 11 0 0 0 4 49 0 0 14 2 2 0 2 0 0 2 0 3 0 0 158 0 3 0 1 1 0 16 1 1 0 0 3 0 1 15 0 2 6 0
5 0 0 5 2 1 0 0 0 0 0 0 0 0 6 1 0 0 5 2 1 0 0 6 0 2 5 10 71 16 1 0 0 0 0 1 0 0 0 0 0 2 0 1 208 4 0 1 0 0 0 2 0 251 1 0 9 0 0 2 0 48 0 6 5 0 0 1 0 0 0 0 0 2 0 145 9 0 1 0 0 0 4 9 0 0 0 1 0 0 8 1 2 1 2 2
20 19 14 4 3 1 0 0 0 0 1 1 1 0 8 3 0 0 6 0 4 9 0 1 7 1 0 0 70 13 7 5 4 1 0 1 4 2 0 0 0 0 0 0 204 0 2 0 0 2 0 0 0 238 0 4 1 0 0 33 40 0 3 5 1 4 0 0 0 0 11 12 0 0 142 0 0 7 0 0 0 2 0 5 2 1 0 0 1 5 1 0 1 0 1 1
1 0 0 2 0 0 0 0 2 1 2 2 2 0 1 14 0 1 7 0 0 0 12 16 27 30 62 64 3 4 1 0 0 0 27 29 30 5 4 1 0 0 0 0 203 0 0 0 0 3 0 0 237 0 1 1 0 0 32 0 1 2 2 1 0 0 2 1 4 8 0 0 33 49 0 91 0 2 2 1 0 0 0 0 2 1 0 0 0 1 0 0 0 0 0 0
0 0 0 0 0 1 0 0 5 2 3 3 3 0 0 18 0 10 1 0 0 0 1 0 2 29 23 0 2 0 0 0 2 25 0 0 1 39 0 6 89 187 197 199 1 0 2 0 3 4 183 227 0 4 0 0 1 23 11 7 0 1 0 0 0 0 0 0 0 2 0 17 0 3 9 89 1 0 1 0 0 0 0 0 1 1 0 0 0 1 0 0 0 0 0 0
0 0 1 0 5 1 0 0 0 13 0 4 0 5 0 21 0 11 2 1 2 0 0 0 0 1 22 1 0 0 0 1 17 3 0 9 10 51 0 85 0 95 7 0 0 0 0 3 4 177 0 2 37 3 0 0 6 0 10 6 2 0 0 0 0 3 1 0 0 0 14 0 1 0 8 5 80 0 1 0 1 4 0 0 4 0 0 1 0 4 0 1 1 1 1 2
0 13 11 8 0 0 1 1 0 1 15 5 1 0 30 34 0 29 16 8 7 1 0 0 0 16 2 0 0 0 6 16 1 0 7 0 2 60 62 9 2 94 0 5 0 0 0 5 171 0 0 0 36 0 0 1 0 3 9 1 0 0 0 1 10 0 0 0 0 12 0 0 0 1 6 4 6 71 0 0 8 0 0 0 9 0 5 3 0 0 8 0 0 4 8 2
14 0 0 0 1 0 0 4 0 3 0 22 2 0 67 0 31 0 0 0 0 0 0 2 8 5 0 0 0 4 7 0 0 4 1 0 3 0 0 8 1 93 1 1 0 1 4 162 1 0 0 0 18 16 0 1 0 2 0 7 0 0 1 12 0 0 0 0 1 10 2 0 0 2 0 3 5 67 0 59 0 0 0 0 20 9 0 0 1 5 0 11 6 9 0 3
465 2 1 0 0 3 1 5 1 4 0 1 26 71 1 0 0 0 0 0 0 0 0 0 3 3 0 0 2 2 2 0 0 2 0 1 0 0 4 2 0 92 0 0 0 3 151 0 2 0 0 16 1 0 11 6 1 0 0 5 0 0 17 0 0 0 0 2 3 0 0 0 0 0 1 0 4 1 63 1 47 45 1 25 2 0 0 0 0 0 7 20 18 0 8 2
3 443 331 328 326 14 9 6 2 5 205 203 171 98 2 1 1 0 1 1 7 0 0 0 0 0 0 0 0 0 0 0 0 0 0 0 1 2 0 0 89 1 0 0 1 6 28 116 0 1 0 12 0 0 0 1 1 0 0 2 0 0 0 20 1 1 1 0 0 0 0 0 1 0 0 0 2 0 0 0 0 0 40 0 1 0 0 0 0 0 1 21 64 44 32 0
2 3 106 0 0 308 303 301 299 207 0 0 0 6 87 83 76 2 0 11 0 3 0 0 0 0 0 0 0 0 0 0 0 0 0 0 0 0 0 88 3 0 0 4 5 19 0 113 0 0 0 11 0 2 1 0 0 0 0 0 0 1 2 24 0 6 0 0 2 0 2 0 1 2 3 0 0 0 0 1 0 0 12 0 0 0 0 2 1 0 3 88 0 0 0 30
1 2 4 99 97 3 0 0 71 9 1 0 4 0 2 0 2 71 68 0 0 0 0 0 4 6 1 1 21 23 1 1 1 1 1 1 69 75 83 4 0 0 2 0 18 0 2 112 2 1 0 0 6 1 0 0 0 0 0 1 2 3 4 0 33 0 1 1 0 4 0 3 7 0 5 1 0 0 0 0 2 7 0 0 1 0 1 4 3 0 4 91 1 0 0 0
0 0 3 0 0 95 2 9 0 59 6 1 1 1 1 0 0 1 3 49 1 0 0 0 0 3 14 19 0 0 25 45 51 55 61 67 1 3 0 0 2 0 0 0 16 0 0 105 0 0 0 0 0 0 0 6 3 0 0 0 0 1 0 42 0 0 3 2 0 1 5 11 9 0 0 9 0 0 2 2 0 0 1 0 0 3 7 13 19 0 97 0 0 1 0 3
0 0 1 0 80 13 0 0 8 58 2 0 0 0 0 0 0 0 1 3 41 3 0 0 0 0 0 0 4 10 14 1 0 0 2 0 0 0 1 0 0 0 0 12 0 0 0 102 0 0 0 14 11 10 7 1 0 0 1 0 1 0 7 8 52 54 55 60 3 1 2 19 11 0 0 0 11 0 6 1 0 0 0 0 0 0 0 0 0 20 99 0 1 2 5 0
2 0 0 0 76 0 12 0 5 1 57 1 0 1 0 0 0 0 0 1 12 23 20 2 1 0 0 3 1 2 1 0 0 0 0 0 0 0 0 0 4 5 10 0 0 0 0 99 0 1 30 13 12 11 10 7 0 0 2 1 2 3 0 0 0 0 0 0 61 4 2 3 32 0 15 13 0 1 9 0 0 1 1 1 0 3 0 1 0 1 125 3 3 0 12 4
293 1 0 1 2 70 8 1 0 3 0 56 31 21 14 12 9 0 0 11 0 0 12 2 1 0 0 0 0 1 0 0 4 6 7 10 1 0 0 2 0 1 0 0 1 4 0 27 68 34 0 0 4 2 1 0 5 3 0 2 0 0 0 2 1 0 3 8 62 81 0 0 0 52 0 0 3 6 17 1 1 0 6 2 1 65 1 2 1 128 0 5 0 14 1 0
0 290 0 0 1 69 6 0 0 0 1 23 2 3 5 0 1 6 0 0 8 5 0 4 0 0 0 0 0 0 0 1 0 0 0 0 12 18 19 0 0 1 2 3 7 13 0 25 8 23 17 16 10 8 4 3 2 1 0 0 4 1 4 2 0 0 2 0 12 0 84 0 57 1 0 0 0 0 0 18 38 0 0 52 58 0 74 78 2 164 26 19 18 2 0 0
12 0 287 283 0 67 0 5 1 0 0 0 21 1 2 3 0 1 3 4 2 0 3 1 0 0 4 1 0 0 0 0 0 0 1 2 0 0 0 22 23 0 0 0 0 0 20 3 7 0 3 0 0 0 1 0 0 0 1 3 5 2 0 9 0 0 0 0 0 0 0 144 0 0 0 0 0 2 12 14 0 40 43 0 0 2 1 0 247 0 6 5 4 3 2 14
2 8 2 281 0 0 65 0 2 1 0 0 16 2 0 1 2 0 2 3 1 1 0 0 7 12 19 24 0 1 1 0 2 0 0 0 3 0 0 0 0 26 0 1 0 0 3 2 6 0 1 0 15 14 7 6 0 1 0 0 11 0 5 16 2 0 0 0 0 0 3 146 1 0 0 0 3 7 0 0 0 1 0 1 0 0 0 1 255 0 0 0 0 0 23 7
1 7 1 279 0 0 51 11 8 6 1 0 0 14 1 0 0 1 1 2 0 0 0 6 3 0 3 6 51 6 1 0 3 0 1 4 0 5 1 1 0 0 27 31 1 0 0 1 0 3 18 17 0 5 0 0 3 0 1 0 0 12 0 0 20 1 1 2 0 0 4 149 1 1 0 0 0 0 0 0 1 3 4 2 0 0 0 0 1 256 1 3 0 25 1 0
0 6 0 0 277 0 50 0 0 0 3 1 0 2 10 1 0 0 0 0 0 0 4 2 1 2 0 0 18 70 1 0 0 5 0 0 5 1 8 0 4 0 1 0 35 0 0 0 0 2 21 1 0 0 2 0 0 0 2 2 0 14 0 0 1 21 26 3 2 0 155 0 0 6 12 1 0 0 0 0 0 0 0 11 12 2 0 0 1 2 267 0 26 2 26 25
0 4 1 11 0 261 0 49 47 1 0 0 0 1 1 7 5 0 0 0 1 2 0 0 0 0 1 2 14 10 73 77 1 0 6 8 16 2 9 0 0 6 8 11 12 37 2 0 0 0 23 1 0 0 1 0 3 0 0 4 10 17 0 0 3 0 0 36 0 159 1 0 0 0 0 13 1 0 7 2 0 0 0 0 1 20 0 0 0 1 270 31 3 28 0 4
3 0 1 6 0 259 3 0 0 43 9 8 5 0 0 0 0 3 1 0 0 3 4 8 10 11 12 13 9 1 1 3 86 0 0 0 1 19 23 35 0 0 0 0 51 0 4 0 0 0 1 29 0 1 7 4 0 0 0 0 0 32 1 0 0 6 0 37 168 7 5 4 0 0 0 2 16 0 9 0 0 2 0 0 0 0 28 30 0 0 0 335 30 0 5 0
2 0 0 5 251 0 0 2 1 0 32 30 0 1 0 0 0 1 0 0 1 0 2 0 0 3 5 8 0 0 0 0 0 89 0 1 0 0 0 0 37 0 3 57 0 6 0 0 0 2 0 31 0 0 10 1 0 3 0 0 0 35 0 2 0 0 9 207 0 0 0 0 0 1 0 0 4 28 0 0 5 0 0 0 0 3 0 0 31 34 35 337 0 88 87 80
