test_cases/Oregon_test_case/Oregon_large_test/terrain/srtm30_cgiar41_fac_fill_or.asc
ncols         240
nrows         239
xllcorner     -123
yllcorner     43
cellsize      0.008333333333
NODATA_value  -9999
[rows 0 to 71 of 239, columns 96 to 191 of 240]
1 0 0 0 0 0 0 0 0 0 0 0 0 0 0 234 320 0 0 0 0 0 0 0 0 0 0 2 0 0 0 0 0 0 0 0 0 509 0 0 0 0 0 0 0 0 0 0 0 2 11 0 17 7 0 0 0 0 18 0 0 7 0 7 4 1 0 0 173 0 0 0 0 0 0 0 0 0 0 7 2 1 0 0 0 0 281 2 1 0 0 0 0 0 0 0
0 1 0 0 0 0 0 0 0 0 0 0 226 230 233 0 316 1 0 0 0 1 0 0 0 0 0 0 0 1 0 0 1 2 5 7 8 497 1 0 0 0 0 1 0 2 1 0 0 0 10 4 10 0 6 3 0 16 0 0 5 0 6 0 2 0 2 4 6 165 3 2 1 0 0 0 0 3 6 0 0 0 0 0 229 279 0 0 0 0 0 0 7 8 11 0
1 2 5 2 0 2 1 0 2 0 218 222 1 2 1 0 18 296 0 2 3 0 0 1 4 1 0 1 2 3 3 0 0 1 0 0 401 1 92 42 0 35 29 25 23 0 3 2 0 8 0 3 4 4 1 0 0 9 5 2 0 2 2 0 0 0 0 0 0 13 146 8 7 6 5 2 0 0 0 0 0 0 226 227 2 0 44 41 0 0 0 6 0 0 0 13
0 0 0 10 152 154 195 199 207 215 4 2 0 1 0 0 16 2 291 9 1 0 1 10 2 1 0 0 0 2 13 0 1 0 0 1 399 0 47 0 39 0 2 0 0 18 6 5 0 1 5 2 3 1 1 0 3 4 4 1 0 0 1 1 4 7 9 10 11 0 0 136 10 0 0 0 0 0 0 0 0 221 1 0 0 0 0 0 38 1 0 0 0 0 7 9
0 68 69 150 0 1 32 1 3 0 3 0 0 0 0 11 2 1 0 279 0 14 11 0 0 1 0 0 0 0 0 19 27 29 30 31 32 363 0 45 0 1 0 1 0 1 4 0 4 0 4 1 2 0 0 2 2 0 1 1 0 0 0 1 1 0 2 0 0 1 4 118 0 7 0 0 0 3 1 0 213 4 0 1 2 0 0 1 27 7 1 0 0 4 0 0
65 0 0 68 0 0 31 0 1 0 1 0 2 4 9 0 0 0 0 277 15 15 14 12 9 0 2 0 0 2 4 1 1 0 0 1 360 0 0 6 36 25 21 15 0 0 1 0 1 1 3 0 0 0 0 0 0 0 0 0 0 1 0 0 0 1 0 5 0 0 0 117 1 5 0 0 193 194 207 210 2 0 0 0 1 7 0 20 3 1 2 0 0 0 0 0
0 0 1 65 0 0 30 1 0 0 0 1 0 2 0 0 0 0 36 0 221 0 0 0 0 5 1 0 0 0 0 0 9 13 0 1 357 1 0 5 2 6 2 4 13 1 0 0 0 0 0 1 0 0 1 0 0 0 0 0 0 1 2 0 0 0 0 0 45 107 109 6 0 0 0 190 0 3 1 1 1 1 2 0 0 0 19 1 0 0 0 0 2 0 1 0
1 0 2 58 2 0 1 24 0 0 0 0 0 0 0 0 23 32 1 1 0 200 1 0 0 0 0 0 0 0 5 8 0 0 15 16 352 1 0 4 1 0 4 1 3 10 1 0 0 0 0 0 0 0 0 3 8 1 2 4 0 0 2 6 28 33 36 37 0 59 0 0 4 0 0 189 0 0 0 0 0 0 0 4 6 7 8 0 0 1 0 0 4 0 0 4
0 0 0 54 0 0 0 0 21 1 1 0 0 0 0 20 1 4 0 0 0 4 190 1 10 6 4 0 0 3 0 0 0 0 8 9 332 1 0 0 2 0 3 0 2 0 6 2 1 1 2 0 1 1 0 0 10 0 0 1 7 15 16 19 0 0 0 0 56 0 1 3 0 0 181 187 1 0 0 0 1 4 5 6 12 13 14 0 0 2 0 3 6 0 0 5
0 0 2 51 2 1 0 0 0 15 1 0 0 1 14 2 0 2 0 0 3 0 173 12 0 1 0 1 0 0 1 2 3 7 0 1 319 3 2 1 0 1 0 1 1 0 0 0 0 5 44 42 2 3 0 18 5 3 0 0 1 2 0 0 0 1 51 53 0 0 0 167 170 177 0 0 1 0 1 0 1 0 3 4 0 0 0 16 41 3 0 0 11 0 2 8
0 0 0 44 1 0 0 0 0 10 1 0 0 7 2 0 0 0 0 0 0 0 0 169 0 0 0 0 0 0 0 1 0 0 0 24 305 6 0 2 1 0 0 0 0 0 1 0 7 48 2 0 38 28 27 0 0 0 0 0 0 0 0 0 0 48 0 0 1 19 166 1 1 1 0 0 0 0 2 0 0 0 0 1 2 4 18 22 0 43 5 0 13 0 12 0
0 0 1 0 37 19 6 0 0 1 4 0 0 3 0 0 0 0 0 0 0 0 0 167 67 0 6 2 0 0 1 2 7 0 22 0 3 274 4 0 0 0 0 0 0 0 0 65 61 3 0 0 1 2 2 2 0 0 0 0 0 0 0 44 46 0 1 2 16 0 144 0 0 0 0 21 25 4 0 0 3 0 0 0 1 2 10 2 0 4 49 62 77 79 0 15
0 0 0 14 1 0 10 2 0 0 1 0 0 0 0 0 1 0 2 0 1 92 94 1 0 64 0 0 0 0 0 1 8 19 0 2 0 273 188 3 1 0 1 1 0 101 98 30 29 26 1 0 0 1 1 0 0 0 2 30 33 36 39 0 0 0 1 9 2 139 2 0 0 1 17 0 1 42 48 52 0 4 0 0 0 5 0 1 2 0 3 0 0 0 81 98
0 5 7 3 0 0 0 8 2 0 0 0 0 0 0 0 1 4 6 81 89 1 0 0 0 55 10 8 2 0 0 7 0 0 1 0 1 82 0 183 180 177 2 3 102 0 0 0 0 0 25 3 0 0 0 0 0 16 23 1 0 0 0 0 0 2 5 0 1 138 1 0 4 13 0 0 0 14 0 0 58 0 69 1 2 0 0 0 0 0 0 4 519 522 0 0
1 0 0 0 1 0 0 1 1 0 0 2 5 8 11 0 0 1 76 1 0 1 0 0 0 42 0 0 3 0 0 5 0 0 0 0 0 62 15 0 0 0 173 144 143 38 1 0 1 0 19 0 1 0 0 2 9 2 4 0 0 0 0 1 0 0 0 0 0 136 0 2 1 7 0 1 13 0 1 2 0 60 0 70 0 0 0 0 0 1 3 513 0 4 532 556
0 0 0 0 0 1 0 0 0 0 0 0 0 0 0 13 0 0 64 0 0 0 0 0 33 0 4 0 0 0 0 0 0 0 0 2 1 58 1 14 4 3 0 22 0 0 32 9 0 1 0 18 0 0 0 0 3 0 0 3 0 0 1 0 3 4 0 1 133 1 1 0 3 0 4 10 0 1 5 6 7 8 0 1 71 73 93 0 0 0 511 0 3 3 0 18
30 28 25 22 7 0 0 0 0 0 2 1 0 0 0 15 0 58 2 0 0 0 0 3 7 22 0 2 1 0 0 0 0 1 0 0 52 0 1 0 8 0 2 4 16 0 0 20 4 1 0 6 9 0 0 0 0 0 0 1 0 1 3 2 0 0 5 132 0 0 0 2 0 3 0 3 0 1 0 0 1 0 10 11 14 15 0 260 262 510 0 0 1 2 0 15
0 0 0 0 11 2 0 0 2 6 13 17 20 23 26 34 56 2 0 0 2 0 0 1 0 20 1 0 0 0 0 2 4 1 29 31 9 5 0 0 6 0 1 3 13 0 0 0 17 3 0 2 2 6 0 0 0 0 0 0 0 0 0 4 3 2 124 3 0 0 1 0 1 0 2 0 1 2 9 14 0 24 28 29 154 160 163 0 0 235 8 0 0 1 7 4
0 1 0 0 2 6 0 0 1 0 0 0 0 0 0 6 0 0 0 0 8 1 0 0 0 1 14 1 1 0 0 1 0 22 0 0 3 4 3 0 3 0 0 2 1 10 0 0 10 0 1 1 1 2 0 1 0 2 0 1 2 86 88 102 109 117 2 0 0 0 1 2 0 0 0 1 2 5 3 1 20 1 0 123 3 0 1 0 228 4 5 0 0 6 2 0
33 0 0 0 1 4 0 0 0 0 0 0 1 2 4 5 0 1 0 0 10 0 1 0 0 0 3 7 2 0 0 0 6 7 0 0 1 2 0 1 0 2 0 0 0 5 2 5 2 0 0 0 0 1 0 1 4 1 6 74 81 2 4 2 1 0 0 0 0 0 0 0 4 6 0 0 1 2 0 1 0 0 121 0 2 0 0 219 6 3 3 0 4 0 1 0
0 9 8 0 0 1 0 0 3 5 1 0 0 0 0 0 0 1 26 22 8 2 1 0 0 0 0 0 0 0 0 2 2 1 1 0 0 1 2 1 0 0 1 0 3 0 1 1 2 1 0 0 0 0 0 1 0 6 64 2 2 1 0 0 0 0 0 0 1 1 1 3 4 0 8 0 0 0 0 1 3 120 0 0 0 0 0 216 5 2 2 0 2 0 0 0
5 0 0 3 0 0 0 0 0 0 8 0 3 0 0 0 2 32 1 0 0 3 0 0 1 0 0 0 0 2 0 0 0 0 0 0 0 0 3 2 1 0 1 0 0 1 0 0 0 0 1 0 0 0 1 0 3 56 0 0 0 0 0 0 1 0 1 3 4 10 0 0 0 84 97 102 106 108 0 0 113 1 0 2 14 208 215 2 1 1 1 1 0 3 4 6
0 2 0 0 0 0 1 6 9 12 14 24 31 0 0 1 0 37 0 0 0 0 0 1 0 3 1 1 5 0 0 0 0 0 0 0 2 1 7 0 1 3 0 0 0 0 0 3 4 14 21 1 1 1 2 3 50 0 0 0 0 0 0 0 0 2 0 0 0 0 13 16 77 0 0 2 2 0 111 112 0 0 6 10 190 1 4 1 0 0 0 0 0 0 0 0
0 0 0 0 0 0 0 0 0 0 0 0 1 33 0 3 40 0 0 0 1 3 0 0 2 8 2 8 0 0 1 1 1 102 100 97 91 86 79 69 62 0 1 1 0 0 0 0 0 8 3 22 29 37 42 44 0 3 9 11 18 21 24 27 30 35 39 40 42 0 0 52 1 3 0 0 1 0 0 0 2 4 1 0 189 0 3 0 0 0 0 0 0 0 0 68
0 0 2 1 2 0 0 1 2 0 0 0 0 3 39 0 45 0 0 312 310 0 0 1 0 0 24 11 1 0 117 113 109 2 0 3 0 3 0 0 3 54 2 1 1 0 0 0 1 4 2 0 0 4 3 0 2 0 3 2 1 0 0 0 0 0 1 0 4 49 51 0 0 0 0 0 0 4 5 0 0 0 11 183 4 0 1 1 0 38 41 47 50 64 65 0
0 0 0 9 2 0 0 0 0 3 7 0 0 0 418 377 375 328 315 1 1 300 297 286 279 274 242 197 196 195 0 0 0 0 0 0 1 1 0 0 1 1 46 18 13 12 0 0 0 2 0 0 0 2 2 0 0 0 0 0 0 0 0 0 0 0 0 1 0 0 0 0 0 0 0 0 1 0 0 7 8 10 0 169 3 0 0 25 35 0 0 3 0 11 0 0
21 1 0 13 0 0 1 1 1 0 0 453 443 428 7 6 0 9 0 0 0 1 8 3 2 4 0 42 0 0 73 71 0 0 0 0 0 0 0 0 0 0 1 23 0 0 8 6 0 0 0 0 1 0 0 0 0 1 0 0 0 0 1 0 2 0 0 0 0 0 0 0 1 133 0 0 0 0 0 0 0 161 168 0 1 1 24 0 2 0 0 1 10 0 0 2
1 26 31 49 0 4 0 4 0 0 458 0 0 11 0 4 0 3 3 0 0 5 1 2 1 3 4 0 34 0 0 0 68 66 1 1 0 0 0 1 0 0 1 0 18 1 0 0 3 1 0 0 0 0 0 0 1 0 2 2 1 1 2 1 3 0 1 2 0 2 122 125 129 0 138 141 142 149 152 155 160 0 5 0 0 9 0 10 0 0 0 9 0 1 5 8
0 0 0 0 55 0 0 5 468 466 0 0 0 9 4 0 1 2 0 0 0 3 0 1 0 2 3 1 7 22 20 0 0 0 60 58 1 1 2 0 0 0 0 0 0 12 0 0 0 0 0 3 0 1 2 1 2 0 1 3 67 2 0 5 4 1 2 109 112 120 2 0 0 0 0 0 1 1 0 0 3 0 2 1 7 0 0 7 0 0 1 6 0 1 0 0
0 0 0 0 0 58 479 471 1 0 3 0 0 1 2 0 0 0 0 0 0 0 0 0 0 0 2 0 6 0 0 17 1 0 0 2 49 3 1 0 2 0 0 0 0 10 4 0 0 0 0 0 20 24 30 32 37 44 48 56 0 71 78 86 93 97 105 2 0 0 0 0 0 0 0 0 0 0 1 2 0 1 0 1 2 0 3 6 0 0 3 1 0 0 0 0
0 2 0 2 0 540 0 0 0 0 0 0 0 0 0 0 0 0 1 0 0 0 0 0 0 0 0 0 3 0 0 0 12 4 0 0 0 41 35 31 1 1 1 0 0 1 0 1 0 3 6 10 2 0 1 0 1 1 0 6 0 1 1 0 0 0 0 0 0 0 0 0 0 3 0 1 0 0 1 0 0 0 0 0 0 0 0 0 0 1 0 0 0 2 9 15
12 0 4 1476 1472 929 928 925 0 0 0 0 2 0 0 0 0 4 1 0 1 1 1 2 0 0 0 0 0 0 0 1 2 1 3 0 0 3 0 0 23 2 1 0 0 0 0 0 0 0 0 0 0 0 0 0 0 0 2 1 0 0 0 0 0 0 0 0 0 1 1 1 0 0 4 10 0 0 14 20 21 25 28 29 30 0 0 0 0 0 0 0 2 4 1 0
0 15 1483 0 0 4 0 1 921 1 0 1 3 0 1 1 0 9 0 20 18 13 9 5 4 1 1 0 0 0 0 0 0 0 0 0 0 0 0 0 0 15 9 8 3 0 0 0 0 0 0 0 0 0 0 0 0 0 0 0 0 0 0 0 1 97 104 108 111 115 119 123 126 0 0 0 11 12 0 0 0 0 0 0 1 35 2 0 0 1 2 0 0 0 0 0
3 1517 16 15 12 0 1 0 2 914 912 6 0 1 4 0 11 0 21 0 0 0 0 0 0 0 2 2 0 1 1 0 0 0 0 0 0 0 0 0 0 0 0 0 0 0 5 1 4 5 10 1 1 1 1 1 1 1 0 0 0 2 86 90 94 3 0 1 0 0 0 0 0 131 134 0 0 0 0 0 0 0 1 2 0 0 45 52 58 66 4 0 0 0 0 3
1525 2 1 1 1 3 0 0 0 0 5 897 890 887 1 12 0 0 24 1 1 0 1 1 0 0 0 6 1 2 2 1 0 3 1 0 0 2 2 0 0 0 0 16 10 9 2 1 2 1 0 18 24 27 33 39 45 49 52 67 75 78 2 1 0 0 1 0 0 0 1 0 0 0 0 139 0 1 0 2 5 0 0 0 4 5 1 1 3 1 70 73 75 76 81 87
1 0 0 0 0 1 0 0 1 4 4 0 0 1 875 869 851 846 0 2 3 0 0 4 1 1 1 9 3 0 0 5 69 67 61 57 54 51 42 36 32 25 22 0 4 3 1 0 1 0 3 1 0 1 2 0 2 0 0 12 5 1 0 0 0 0 0 1 6 0 0 3 6 0 0 141 0 0 3 3 0 8 10 1 0 0 0 0 1 0 0 0 0 0 0 0
0 0 0 0 0 0 0 0 0 0 0 2 0 0 3 3 2 1 816 810 805 768 765 761 752 746 0 104 93 0 82 73 0 0 0 0 0 2 1 1 1 4 1 3 0 0 1 0 0 1 0 0 0 0 0 0 0 8 11 2 0 0 0 0 0 0 1 2 0 8 0 0 0 9 0 0 145 4 0 0 0 0 2 15 20 0 0 0 0 0 0 0 0 1 0 73
239 195 0 2 0 0 0 2 0 0 0 0 0 0 1 2 1 0 4 0 31 0 1 2 2 0 739 629 0 85 0 0 1 0 0 0 0 0 0 0 0 0 0 0 1 0 0 0 0 0 1 2 3 4 5 6 7 0 0 0 0 1 3 7 11 0 1 0 0 1 12 0 0 0 12 0 0 151 3 0 0 0 0 0 1 26 29 35 36 0 46 49 52 66 67 3
41 0 190 184 179 3 1 4 0 1 4 1 0 0 0 0 0 0 2 0 25 3 0 1 1 0 2 0 627 0 0 0 0 1 0 0 1 0 0 0 0 0 0 0 0 3 1 0 0 0 0 0 1 2 0 0 0 0 0 0 0 0 2 0 0 12 0 2 2 0 0 13 2 0 0 1154 1157 1311 1320 1 0 0 0 0 0 0 0 3 4 42 1 3 9 0 0 0
0 0 3 0 0 172 169 16 10 6 0 0 0 0 0 0 0 1 0 21 2 0 1 0 0 0 0 1 4 621 97 95 90 0 1 1 56 53 51 48 45 39 1 1 4 0 0 0 1 1 0 2 0 0 4 1 2 1 2 0 0 0 0 0 0 1 15 17 21 26 0 15 1125 1130 1133 4 0 0 1 1323 1326 1 0 0 0 1 2 0 2 0 2 3 0 0 6 0
0 0 0 0 0 0 0 150 113 0 0 0 0 2 1 3 0 0 1 0 16 1 0 0 0 0 0 1 1 522 0 0 1 85 81 77 16 0 0 0 0 1 35 9 3 1 0 1 2 0 2 0 3 1 2 8 13 19 4 1 0 0 0 0 2 4 5 0 0 0 29 1121 0 2 1 2 0 0 0 0 0 1333 2 0 0 0 0 1 0 1 0 1 1 4 0 12
6 5 0 0 1 2 3 35 0 110 107 0 24 18 17 8 1 0 0 0 9 4 0 1 3 5 0 0 0 0 516 0 0 0 0 0 1 14 7 0 0 0 22 1 0 0 1 2 0 3 1 3 5 0 0 1 0 1 27 4 0 0 1 1 0 1 2 12 13 16 1073 0 0 0 0 0 1 0 4 5 9 14 1355 4 1 0 0 0 0 0 0 0 0 0 0 1
0 2 0 0 0 0 12 0 16 1 103 26 0 0 0 0 5 1 0 0 7 2 0 0 0 3 10 0 0 1 514 0 2 1 0 0 1 0 2 5 0 0 0 17 2 0 5 0 0 1 4 10 21 23 24 0 0 0 0 34 1 0 0 2 2 3 0 0 0 2 4 1049 0 2 1 0 0 2 0 2 2 0 0 1369 0 2 1 0 1 1 0 0 0 0 0 0
0 0 0 0 2 9 0 0 14 0 67 7 6 5 4 0 0 1 0 0 6 0 0 0 0 0 0 12 1 2 510 40 0 0 0 0 0 0 0 0 1 0 0 0 11 9 0 1 1 0 2 0 0 0 0 26 29 68 69 70 38 0 0 1 5 0 5 0 1 0 0 1046 5 1 0 0 0 0 0 0 0 4 6 11 1373 1382 3 2 0 2 1 1 1 1 0 0
1 0 0 0 3 0 4 12 0 0 6 59 3 2 0 2 1 0 0 1 0 0 0 1 0 0 0 1 13 463 0 0 35 33 1 0 0 0 0 0 0 2 1 0 0 0 0 2 0 3 0 0 3 1 0 33 35 0 0 3 75 42 0 0 0 6 0 6 7 0 0 0 1038 3 2 0 1 2 0 1 3 0 1 1 2 0 1385 1390 5 0 0 2 7 3 0 1
0 0 0 1 0 3 1 2 1 0 3 54 0 0 0 0 0 1 0 0 0 0 1 2 0 2 0 0 3 448 3 0 0 0 27 25 22 19 15 11 8 3 2 1 0 0 0 0 4 12 15 17 19 27 30 0 0 0 1 0 1 119 0 0 2 1 10 0 0 8 11 1027 2 4 2 0 0 0 4 0 0 0 0 0 0 0 0 0 1397 2 0 0 0 14 0 2
0 1 1 0 0 0 0 1 0 1 0 0 51 27 8 6 3 0 0 0 7 0 3 3 0 2 7 0 259 1 177 1 0 0 0 0 0 0 0 0 0 0 0 0 0 2 1 0 0 0 0 0 0 0 0 0 0 1 0 1 0 124 0 0 0 3 0 14 15 17 18 992 0 1 0 0 0 1 2 9 0 0 0 0 0 0 0 0 0 1403 0 1 0 0 20 0
1 7 2 0 0 0 0 0 0 0 0 15 0 4 17 0 0 0 0 2 0 8 10 19 0 0 1 256 0 0 1 174 161 0 0 0 0 0 0 0 0 0 1 14 12 6 1 0 0 1 0 0 0 0 0 0 0 0 2 3 6 132 2 0 0 5 0 0 0 0 987 3 2 1 0 0 1 2 3 0 10 13 1 0 1 3 6 11 12 13 1418 2 1 1530 1531 1556
54 0 0 0 1 1 1 0 0 1 7 4 0 1 1 15 1 0 0 0 0 0 0 0 22 0 243 0 0 0 1 11 0 158 1 2 0 2 0 1 1 23 20 1 0 0 1 0 0 1 4 12 13 21 1 1 1 1 0 0 1 2 186 2 0 6 0 0 1 976 4 0 2 0 0 0 1 0 0 4 1 38 61 62 66 0 0 0 83 89 90 1520 1525 0 2 0
1 42 32 30 22 4 1 0 0 0 2 2 0 0 0 0 11 2 0 0 1 2 0 1 0 223 241 13 0 0 0 3 2 2 152 147 119 1 0 4 39 13 0 0 4 3 2 0 0 0 4 1 4 1 24 31 35 39 42 43 44 46 0 191 1 0 8 1 0 972 0 2 1 0 0 1 2 5 20 32 35 0 4 1 0 72 74 81 0 4 4 1 3 0 0 0
0 7 0 0 4 12 7 3 0 0 0 0 0 0 1 4 2 0 4 6 12 24 26 194 198 0 0 0 11 0 2 0 0 1 3 20 1 113 110 42 0 0 12 11 1 0 0 0 0 2 0 0 0 0 0 0 0 0 0 0 0 0 1 3 200 202 9 12 0 968 2 1 0 0 0 1 2 12 0 3 1 1 1 0 2 0 0 5 3 2 0 0 0 0 202 205
4 0 0 0 2 3 0 0 0 0 0 0 0 0 0 0 1 0 1 0 0 7 3 160 0 1 0 0 0 8 0 1 0 0 1 19 0 1 1 58 0 0 0 0 3 2 0 0 0 0 0 0 0 0 0 0 0 0 1 0 2 3 0 0 0 0 204 233 248 715 3 2 0 0 0 0 1 6 1 0 0 0 0 0 0 1 4 1 0 1 0 0 0 201 1 0
0 0 0 0 0 0 1 0 0 2 0 0 3 0 0 0 0 0 0 3 6 1 0 0 158 19 3 1 0 0 5 1 0 0 1 14 1 0 0 0 56 5 2 0 4 1 0 0 2 4 7 1 0 1 1 1 1 3 0 2 3 0 5 0 0 0 26 0 0 710 2 1 0 0 2 4 5 0 0 1 2 0 0 1 0 0 0 0 0 0 1 4 195 0 0 0
0 0 1 0 0 0 0 0 0 1 4 5 0 3 0 1 0 0 0 1 1 0 0 1 137 0 14 10 5 2 1 2 0 0 4 6 1 0 0 1 3 43 9 5 0 1 0 0 0 0 0 9 14 16 21 24 0 0 6 0 0 5 0 7 19 23 0 0 1 704 3 1 0 0 0 0 0 0 0 0 0 3 1 0 3 0 0 0 1 2 3 187 0 0 4 12
1 2 3 0 2 0 0 2 1 0 7 12 4 0 2 0 2 0 0 0 0 0 0 0 133 0 0 1 3 1 0 0 1 1 1 4 0 0 0 2 1 17 12 2 0 0 0 0 2 1 0 0 0 0 0 0 25 1 0 8 0 0 7 8 0 0 0 0 699 2 1 0 0 0 2 4 12 16 19 22 25 32 0 0 0 4 2 0 163 165 180 0 0 3 3 2
0 5 5 3 0 0 1 1 78 0 65 56 37 29 24 23 19 11 9 0 0 0 1 3 130 2 1 0 0 2 1 0 0 0 0 0 2 0 0 0 0 13 2 11 2 0 0 3 0 5 1 0 0 0 2 1 27 0 2 1 10 0 1 0 0 0 0 0 694 2 1 0 0 1 3 4 0 0 0 0 0 0 54 56 137 150 151 162 0 11 0 0 2 2 1 0
0 18 4 0 1 0 88 84 0 70 0 4 4 0 0 1 0 2 0 4 2 4 5 9 122 6 5 4 3 2 1 0 0 0 0 0 0 0 0 0 5 5 1 4 2 0 0 0 5 7 14 18 20 0 0 4 35 1 3 2 0 11 0 3 2 0 0 2 689 1 0 0 0 0 0 0 8 10 14 16 17 18 0 136 4 0 0 3 0 0 9 1 1 0 0 1
21 0 0 1 96 93 2 0 0 0 1 2 0 3 0 0 0 0 2 0 0 0 2 0 104 0 0 0 0 0 0 0 1 2 5 3 1 0 0 1 1 4 0 1 1 0 1 0 0 0 0 0 0 21 1 0 1 40 41 46 51 0 13 4 3 1 0 0 683 2 1 0 0 3 4 6 0 1 0 0 0 0 0 77 0 3 2 2 6 8 0 0 0 1 2 3
251 247 244 240 1 0 0 0 0 0 0 0 0 0 0 0 0 0 0 0 0 0 0 7 92 0 2 1 1 0 1 17 13 9 2 1 0 0 4 1 0 1 1 0 0 0 9 14 17 20 25 28 31 54 0 3 0 1 67 68 69 122 124 144 4 2 4 0 678 1 0 0 0 0 0 1 0 0 1 2 3 1 68 4 0 2 1 1 2 0 2 4 5 0 0 1
2 1 1 0 137 0 0 0 7 4 3 2 1 0 0 0 2 0 0 1 4 0 0 3 1 91 89 84 76 69 68 41 37 35 1 0 0 6 0 0 0 0 0 0 5 7 1 0 0 0 0 0 0 0 56 57 62 64 0 1 5 7 9 12 421 426 658 669 0 3 2 0 0 2 5 0 3 4 5 6 7 66 1 1 1 1 0 0 1 1 0 0 1 8 10 0
1 0 0 0 20 114 23 20 10 8 6 4 1 0 1 4 0 5 26 27 33 0 0 0 0 0 0 2 1 2 2 2 2 0 32 30 24 23 3 2 1 0 0 2 0 0 0 0 0 0 0 0 0 0 0 0 0 0 1 2 0 0 0 0 257 3 230 0 3 2 1 0 0 0 1 8 9 10 11 0 44 3 0 0 0 0 0 0 0 0 1 0 0 0 0 11
0 2 4 17 0 0 89 0 0 0 0 0 1 0 0 0 6 18 1 1 3 40 3 2 1 0 0 0 0 0 1 1 1 1 0 1 1 1 8 5 2 1 0 0 0 0 0 0 1 1 3 14 17 19 22 29 30 33 34 35 0 1 2 256 0 0 0 229 3 2 1 0 0 0 0 1 2 0 16 37 4 1 0 1 0 0 0 0 0 1 0 2 1 1 1 3
1 0 0 10 0 74 1 11 10 8 5 1 0 0 2 3 5 2 0 0 0 0 45 0 0 0 1 0 1 0 0 0 0 0 0 0 0 0 0 0 1 0 0 0 1 1 0 2 4 7 8 0 0 1 4 0 1 53 55 0 37 97 104 0 146 0 213 10 8 2 1 0 0 1 2 0 6 14 0 6 3 0 3 0 1 1 0 0 1 0 3 1 5 0 71 72
0 0 9 0 2 66 0 0 0 0 0 2 1 0 0 0 0 0 0 0 0 0 46 0 6 2 0 11 7 6 4 3 2 1 0 0 0 0 0 0 0 0 0 2 0 4 0 0 0 0 0 0 0 0 0 0 52 0 0 57 58 4 0 144 0 0 210 0 0 4 1 0 0 1 0 4 0 2 2 2 2 0 1 7 2 2 1 0 1 2 3 8 8 67 1 2
3 6 0 0 0 0 63 0 1 0 2 1 0 0 1 3 0 0 0 0 2 7 47 1 7 0 1 13 0 1 0 0 0 0 0 1 1 0 2 2 0 1 0 2 7 8 15 18 20 24 39 43 46 47 48 49 0 0 1 2 3 0 1 141 0 0 208 4 3 2 1 0 0 3 0 0 0 0 1 1 1 0 0 4 17 3 2 1 0 2 0 55 66 0 0 0
0 0 0 0 2 21 1 37 31 3 0 0 0 0 0 1 8 11 15 0 0 1 8 58 0 23 19 4 3 0 1 1 1 0 3 0 3 0 0 6 3 1 0 0 0 0 1 0 1 8 2 1 0 0 0 1 8 11 13 14 15 16 140 0 0 176 21 2 1 0 1 0 0 6 0 1 0 0 0 0 0 0 2 0 0 19 27 0 4 0 4 39 0 0 0 2
0 0 0 0 0 17 0 1 0 26 12 0 2 0 0 0 0 0 0 18 19 0 0 68 29 2 1 0 0 0 10 7 4 0 11 6 0 1 1 11 2 0 0 0 2 4 5 6 7 0 0 0 0 1 3 5 1 0 107 108 109 121 0 155 171 0 0 20 15 0 1 0 0 9 0 2 2 0 0 0 0 0 0 0 1 0 1 30 31 37 38 0 0 0 2 3
1 1 1 0 1 11 1 0 1 8 0 9 4 2 2 4 5 0 0 0 0 23 26 100 0 0 0 92 90 88 76 74 71 58 45 43 41 39 34 9 0 1 1 0 0 0 0 0 0 0 0 0 1 0 0 0 0 106 0 3 9 0 154 2 3 6 3 3 3 9 1 0 0 2 11 6 1 1 1 0 1 0 0 1 2 2 3 4 5 0 0 0 2 0 0 1
2 8 2 0 0 8 0 0 0 5 1 0 0 0 0 0 0 6 1 0 0 0 0 228 99 98 96 2 1 0 0 1 10 0 0 0 0 1 8 0 4 2 0 4 6 7 11 1 1 1 1 0 0 93 101 103 105 0 1 2 1 6 146 1 2 1 2 2 2 3 0 0 0 0 23 0 2 2 2 1 2 1 0 1 0 41 42 0 0 7 63 65 72 75 76 79
12 0 0 0 0 2 3 0 0 4 0 0 0 0 0 1 1 7 46 51 1 0 0 0 229 1 0 6 5 4 3 0 1 7 3 0 0 0 0 5 0 0 0 0 1 0 0 17 20 28 83 86 89 4 0 0 0 0 1 0 5 1 143 0 1 0 1 1 1 1 0 0 3 0 0 25 0 6 3 0 5 0 2 4 36 0 1 46 47 52 0 0 0 0 0 0
0 1 0 0 0 0 0 0 0 0 0 0 0 2 22 26 30 35 0 0 54 1 0 246 12 9 8 0 4 3 0 2 0 1 0 1 0 0 0 1 1 0 0 2 0 2 3 1 4 0 49 0 0 2 0 0 0 1 2 3 0 0 140 1 0 0 0 0 0 0 0 1 2 5 1 28 0 0 9 15 16 24 26 27 0 0 0 0 0 2 0 1 0 0 0 110
0 0 0 1 0 0 0 4 3 1 0 3 13 16 0 0 0 1 0 0 1 57 61 311 1 0 12 11 4 0 1 0 1 0 0 0 0 0 1 0 0 0 0 0 3 5 0 0 0 0 44 1 0 0 0 0 1 2 3 105 121 122 139 1 0 0 0 0 0 0 1 2 3 13 2 31 1 0 0 0 1 0 0 1 2 3 5 8 0 0 0 0 3 101 103 3
