test_cases/Hunza_test_case/ice_properties_Hunza/ice_thickness_HKHK_wmean_Hunza.asc
ncols 211
nrows 139
xllcorner 74.0249999894040
yllcorner 35.9249999957280
cellsize 0.0083333333330
NODATA_value -9999
[rows 60 to 89 of 139, columns 0 to 68 of 211]
-9999.00 -9999.00 -9999.00 -9999.00 -9999.00 -9999.00 -9999.00 -9999.00 -9999.00 -9999.00 -9999.00 8.81 13.34 14.61 0.00 26.13 118.09 78.01 51.63 109.12 133.40 65.52 35.98 20.53 41.99 129.50 103.99 46.84 14.95 33.75 55.92 68.44 46.56 27.85 21.19 25.69 14.60 21.60 24.99 41.11 37.19 37.52 21.01 35.65 35.66 33.23 53.43 38.56 14.67 71.85 141.24 154.68 102.82 43.52 33.21 2.10 35.34 103.82 225.70 56.68 31.92 21.11 17.14 9.82 1.14 0.00 3.98 7.75 141.67
-9999.00 -9999.00 -9999.00 -9999.00 -9999.00 -9999.00 -9999.00 -9999.00 -9999.00 -9999.00 -9999.00 -9999.00 -9999.00 3.50 0.00 20.46 45.64 19.57 69.96 86.81 34.30 20.20 13.87 2.42 28.14 25.11 66.92 102.25 99.93 90.29 11.19 23.40 4.87 0.14 59.36 20.08 64.34 58.34 80.05 75.71 42.97 3.60 17.55 27.36 27.85 35.69 39.03 41.92 44.17 46.16 30.43 19.56 38.20 11.37 20.77 10.55 46.13 58.97 62.70 37.61 13.89 15.29 32.41 33.03 14.36 12.77 1.68 0.87 101.42
-9999.00 -9999.00 -9999.00 -9999.00 -9999.00 -9999.00 -9999.00 -9999.00 -9999.00 -9999.00 -9999.00 -9999.00 -9999.00 11.65 8.29 7.07 2.69 13.00 18.76 26.01 8.79 13.31 19.37 23.47 5.75 1.93 11.72 105.71 80.61 0.82 11.62 0.13 10.19 6.45 43.72 62.09 43.47 83.40 82.25 32.28 3.70 8.40 10.15 13.17 17.22 12.53 24.79 39.45 38.90 34.14 30.35 32.78 37.34 84.45 101.86 38.26 59.70 58.61 22.64 35.18 42.08 32.04 19.68 52.57 51.60 21.01 63.79 31.12 50.72
-9999.00 -9999.00 -9999.00 -9999.00 -9999.00 -9999.00 -9999.00 1.94 29.80 51.33 104.65 147.34 45.55 -9999.00 11.36 8.36 4.82 0.31 63.85 17.95 9.53 43.64 53.27 28.29 33.84 5.47 5.11 11.31 68.72 90.17 12.82 0.10 19.74 5.74 26.32 39.61 73.36 110.70 36.59 1.84 3.74 6.28 3.14 3.42 25.04 9.28 0.12 19.13 20.79 9.92 23.25 24.39 42.85 102.43 86.37 58.24 61.63 89.64 107.58 131.32 129.10 58.28 24.87 77.73 111.11 91.63 29.43 5.45 2.17
-9999.00 -9999.00 -9999.00 -9999.00 -9999.00 -9999.00 -9999.00 -9999.00 -9999.00 44.45 101.42 154.02 89.22 49.51 21.84 -9999.00 49.05 51.32 44.39 2.91 14.16 32.71 69.10 15.24 20.17 2.26 -9999.00 0.00 26.91 127.84 91.79 -9999.00 17.05 14.41 -9999.00 6.91 114.18 44.82 9.72 10.96 12.74 4.93 75.45 73.57 158.83 36.95 7.87 18.71 22.92 26.28 15.30 3.83 22.69 28.55 35.05 37.76 36.88 38.43 44.63 78.74 79.00 51.98 27.58 28.71 20.62 30.32 29.89 3.68 27.53
-9999.00 -9999.00 -9999.00 -9999.00 -9999.00 -9999.00 -9999.00 9.14 11.93 36.09 21.95 11.41 5.18 39.94 29.25 42.14 43.64 38.80 13.67 0.39 30.69 61.81 91.69 73.84 105.75 19.62 -9999.00 -9999.00 -9999.00 118.34 136.13 100.52 54.58 9.38 138.88 163.73 107.25 6.52 -9999.00 -9999.00 5.97 30.47 243.61 165.80 71.70 16.04 17.26 23.05 9.13 76.67 46.01 11.14 14.02 3.65 17.45 21.54 23.60 21.82 25.92 48.54 54.10 72.33 46.30 51.25 45.72 40.83 28.28 9.24 43.26
-9999.00 -9999.00 22.85 21.59 -9999.00 -9999.00 -9999.00 2.40 2.94 11.58 3.08 7.71 9.97 11.40 16.47 24.00 14.40 10.41 4.82 0.26 2.22 58.83 30.70 4.84 71.81 93.41 57.93 154.27 240.53 178.66 192.29 171.39 125.28 111.89 78.77 50.88 27.61 -9999.00 -9999.00 -9999.00 9.14 182.88 170.93 10.93 3.87 16.72 25.47 11.53 13.87 68.57 84.92 24.28 5.39 12.09 15.10 0.17 4.29 12.16 32.91 47.10 50.10 62.45 109.62 68.03 74.58 96.41 67.50 64.21 73.45
-9999.00 -9999.00 -9999.00 21.02 27.93 30.23 -9999.00 -9999.00 0.74 0.05 14.42 6.19 7.87 7.08 8.42 5.74 74.67 112.32 5.10 3.40 14.27 14.60 22.00 0.61 -9999.00 13.75 195.96 166.95 217.00 225.64 72.44 6.90 14.81 19.17 14.91 20.73 12.66 -9999.00 -9999.00 7.44 175.87 198.41 42.20 9.78 8.36 10.20 5.68 10.85 24.86 105.85 92.43 50.35 32.05 40.57 21.01 17.23 17.30 3.27 14.10 35.53 35.79 39.15 66.64 44.71 88.56 91.25 59.22 71.93 92.88
-9999.00 -9999.00 -9999.00 -9999.00 19.64 60.82 50.97 45.38 25.74 12.61 71.06 2.40 63.83 57.32 29.98 40.13 134.81 177.45 19.77 32.99 0.42 14.84 16.81 -9999.00 -9999.00 137.61 186.79 34.79 -9999.00 5.53 54.37 59.77 37.04 9.35 0.07 9.70 7.62 -9999.00 -9999.00 154.75 158.93 9.85 4.89 13.58 15.98 23.17 30.42 14.97 10.09 108.08 10.61 25.03 41.28 22.56 23.50 16.33 19.54 16.80 8.10 11.80 19.71 35.11 48.17 34.12 43.93 53.04 36.41 47.64 86.92
-9999.00 0.78 6.99 25.12 7.35 36.67 33.72 51.07 30.74 16.74 0.44 18.88 72.56 144.71 76.37 118.13 176.27 99.29 6.33 23.02 3.20 2.85 -9999.00 -9999.00 63.11 215.35 103.21 -9999.00 -9999.00 0.00 10.52 12.64 21.08 25.76 0.00 7.78 5.94 -9999.00 43.50 180.16 67.47 8.76 2.98 0.17 27.47 110.55 84.19 93.37 67.30 177.83 58.52 -9999.00 -9999.00 32.92 47.15 15.65 28.66 28.78 38.03 24.83 6.30 15.20 22.44 16.49 25.89 36.28 35.92 39.02 36.36
5.13 0.22 1.75 21.71 9.58 30.02 12.73 39.76 60.12 15.07 0.95 7.07 46.09 62.86 136.81 148.99 34.08 14.08 10.92 3.49 -9999.00 15.00 92.40 125.98 177.60 229.75 76.62 -9999.00 -9999.00 -9999.00 -9999.00 -9999.00 -9999.00 -9999.00 -9999.00 22.48 12.72 13.01 65.88 142.37 7.03 1.75 1.14 2.11 1.74 27.52 19.49 4.72 99.15 215.00 183.30 101.42 42.21 81.85 13.62 13.46 22.04 8.41 42.39 33.34 34.44 28.40 32.98 30.53 6.74 20.34 26.83 28.93 30.94
5.77 0.26 20.89 26.52 7.42 64.66 11.24 21.22 60.13 67.05 2.42 8.65 28.67 77.29 74.11 44.97 71.83 78.11 57.74 75.44 164.10 156.49 127.95 29.64 57.93 161.51 158.51 -9999.00 -9999.00 -9999.00 -9999.00 -9999.00 -9999.00 -9999.00 -9999.00 1.38 6.50 1.06 -9999.00 119.22 44.70 -9999.00 -9999.00 7.77 0.30 5.66 11.23 3.09 -9999.00 149.22 242.14 185.35 127.97 56.64 16.97 13.25 8.05 22.55 26.57 29.33 12.96 23.37 29.25 28.05 29.16 18.78 2.92 10.34 11.76
0.22 27.88 10.77 2.21 1.04 52.44 1.63 44.80 219.91 127.81 7.35 31.73 65.76 43.06 58.35 38.64 8.92 50.15 95.67 71.93 58.79 4.84 13.07 -9999.00 -9999.00 26.14 139.09 77.62 -9999.00 -9999.00 -9999.00 -9999.00 -9999.00 -9999.00 -9999.00 -9999.00 -9999.00 -9999.00 -9999.00 49.48 54.78 -9999.00 -9999.00 5.06 -9999.00 6.12 5.50 5.63 63.16 208.04 132.30 2.79 10.13 15.53 28.57 13.01 21.66 52.35 42.45 44.37 9.15 12.62 30.61 39.41 39.37 15.59 16.88 17.74 6.85
12.05 19.32 9.76 4.23 0.94 0.75 25.88 93.61 74.67 28.70 16.90 66.29 81.25 70.31 77.31 45.80 93.84 125.25 61.50 27.51 47.54 30.72 4.73 -9999.00 -9999.00 -9999.00 -9999.00 7.31 -9999.00 -9999.00 -9999.00 -9999.00 -9999.00 -9999.00 -9999.00 -9999.00 -9999.00 -9999.00 44.16 78.26 53.41 89.80 -9999.00 -9999.00 -9999.00 -9999.00 5.53 58.10 242.06 270.97 56.56 7.58 4.88 10.42 8.92 27.78 9.54 48.34 79.60 22.09 15.29 3.04 68.55 51.68 27.56 15.79 15.86 25.05 7.11
-9999.00 11.76 8.76 1.14 18.79 28.08 7.92 13.01 8.13 18.17 24.55 41.03 104.35 91.99 92.83 40.83 88.55 43.33 41.95 30.33 26.16 26.66 7.33 -9999.00 -9999.00 -9999.00 -9999.00 -9999.00 -9999.00 -9999.00 -9999.00 -9999.00 -9999.00 -9999.00 -9999.00 -9999.00 -9999.00 39.01 104.05 126.16 143.33 191.82 210.07 193.10 176.15 5.25 110.07 225.51 198.82 47.34 5.89 12.28 14.11 4.24 10.21 42.17 34.47 21.99 83.10 -9999.00 -9999.00 -9999.00 61.32 123.90 66.74 30.94 8.12 19.04 28.37
-9999.00 -9999.00 -9999.00 3.72 40.33 2.84 1.34 9.22 27.69 32.64 39.58 24.08 52.28 48.93 35.89 11.98 60.07 12.18 22.17 36.47 7.18 2.91 10.54 -9999.00 -9999.00 16.21 -9999.00 -9999.00 -9999.00 -9999.00 -9999.00 -9999.00 -9999.00 -9999.00 -9999.00 -9999.00 -9999.00 -9999.00 -9999.00 -9999.00 -9999.00 29.09 176.68 250.19 271.80 220.45 200.67 152.99 12.95 4.05 21.90 22.59 17.49 12.69 19.68 61.30 54.93 158.84 132.94 120.21 149.30 188.05 179.17 85.27 10.97 10.31 14.85 15.15 35.16
-9999.00 -9999.00 -9999.00 -9999.00 30.93 26.37 24.34 12.26 27.62 69.10 5.54 1.59 0.50 0.50 5.26 9.79 26.61 28.21 38.92 13.08 32.06 17.43 26.08 7.42 5.14 52.26 -9999.00 -9999.00 -9999.00 -9999.00 -9999.00 -9999.00 -9999.00 -9999.00 -9999.00 -9999.00 -9999.00 -9999.00 -9999.00 -9999.00 -9999.00 21.33 25.10 27.45 129.18 73.12 20.64 12.09 5.71 14.22 18.68 13.98 15.41 9.76 21.99 20.17 10.74 94.20 267.29 200.37 94.24 106.18 56.42 9.52 6.89 21.81 11.32 2.29 12.06
-9999.00 -9999.00 -9999.00 -9999.00 37.40 44.39 0.64 13.31 24.95 55.28 8.10 32.75 48.55 61.63 25.15 8.18 1.25 14.19 41.78 0.00 27.58 32.61 30.57 10.86 111.62 85.14 -9999.00 -9999.00 -9999.00 -9999.00 -9999.00 -9999.00 -9999.00 -9999.00 -9999.00 -9999.00 -9999.00 -9999.00 -9999.00 -9999.00 0.95 25.87 5.97 4.01 28.94 7.94 9.08 13.22 18.82 16.69 8.10 51.09 18.16 0.77 10.79 4.62 1.96 133.15 173.44 10.57 16.46 5.20 20.89 23.37 19.21 18.71 18.38 22.85 15.38
-9999.00 -9999.00 -9999.00 -9999.00 0.72 0.56 0.07 34.30 46.95 152.16 3.60 19.57 37.05 56.51 46.32 42.23 92.16 90.26 36.11 25.54 8.61 1.01 0.00 119.55 129.83 -9999.00 -9999.00 -9999.00 -9999.00 -9999.00 -9999.00 -9999.00 -9999.00 -9999.00 -9999.00 -9999.00 -9999.00 59.54 52.72 12.79 0.34 6.68 56.47 224.34 150.37 47.74 12.62 25.81 12.02 11.13 14.23 61.09 6.32 1.57 17.29 18.03 138.68 176.69 52.08 7.01 13.48 8.59 14.23 21.47 22.10 7.18 20.28 30.91 46.13
-9999.00 -9999.00 -9999.00 -9999.00 13.70 13.17 0.56 8.03 170.41 150.74 6.29 0.79 1.42 1.45 117.50 122.34 4.84 27.10 25.60 17.87 1.01 17.47 23.53 175.61 86.33 -9999.00 -9999.00 -9999.00 -9999.00 -9999.00 -9999.00 -9999.00 -9999.00 -9999.00 -9999.00 -9999.00 4.31 12.58 14.51 14.37 6.49 16.17 37.04 67.89 35.23 38.90 42.01 16.40 12.80 11.01 36.30 51.64 3.64 -9999.00 0.00 105.89 236.49 92.63 -9999.00 7.13 7.70 9.78 4.76 12.32 4.32 0.71 21.61 15.12 20.30
-9999.00 -9999.00 -9999.00 -9999.00 3.12 2.33 -9999.00 36.82 181.65 102.81 3.92 9.76 6.68 35.19 76.49 27.63 -9999.00 8.16 7.77 0.82 11.20 16.79 61.08 131.09 14.07 -9999.00 -9999.00 -9999.00 -9999.00 -9999.00 -9999.00 -9999.00 -9999.00 -9999.00 -9999.00 -9999.00 7.34 5.64 6.73 14.70 4.90 1.88 4.80 0.91 2.77 8.72 11.70 1.26 1.26 16.99 16.04 84.88 50.59 47.75 37.68 161.52 182.17 -9999.00 -9999.00 0.64 5.87 4.69 1.15 17.47 10.54 8.61 28.20 19.94 4.80
66.94 -9999.00 -9999.00 -9999.00 -9999.00 -9999.00 112.63 167.79 97.28 0.04 0.41 4.86 9.91 71.76 84.82 -9999.00 6.64 2.13 1.73 0.38 2.60 4.44 37.00 21.38 0.92 -9999.00 -9999.00 -9999.00 -9999.00 -9999.00 -9999.00 -9999.00 -9999.00 -9999.00 -9999.00 -9999.00 3.04 2.27 -9999.00 -9999.00 -9999.00 26.38 4.32 17.33 2.92 26.55 68.12 24.43 39.99 0.75 16.46 55.67 88.87 79.86 11.24 110.58 182.55 -9999.00 -9999.00 -9999.00 -9999.00 -9999.00 8.30 50.02 11.56 0.97 -9999.00 -9999.00 -9999.00
120.02 20.20 -9999.00 2.87 68.66 103.79 76.72 16.11 0.00 0.93 9.62 5.53 1.31 18.31 8.59 -9999.00 -9999.00 13.05 29.41 1.90 9.58 7.92 5.28 6.83 17.83 23.52 -9999.00 -9999.00 -9999.00 -9999.00 -9999.00 -9999.00 -9999.00 -9999.00 -9999.00 -9999.00 -9999.00 -9999.00 -9999.00 8.31 21.20 38.20 18.64 9.22 1.81 8.24 33.05 43.14 66.93 17.19 23.51 22.58 11.91 6.75 -9999.00 1.32 155.44 173.00 32.44 -9999.00 -9999.00 -9999.00 3.67 25.19 -9999.00 -9999.00 -9999.00 -9999.00 -9999.00
156.30 144.02 163.61 153.48 133.07 26.94 11.52 0.13 2.67 12.87 13.85 11.36 -9999.00 -9999.00 -9999.00 -9999.00 -9999.00 2.02 8.73 19.37 0.52 1.60 5.22 0.40 6.01 4.31 -9999.00 -9999.00 -9999.00 -9999.00 -9999.00 -9999.00 -9999.00 -9999.00 -9999.00 -9999.00 -9999.00 -9999.00 -9999.00 10.45 6.92 11.71 15.51 7.19 0.39 1.69 0.00 58.35 40.88 59.05 11.91 13.95 56.76 47.34 18.62 22.58 64.07 106.73 123.92 69.15 -9999.00 -9999.00 -9999.00 2.28 -9999.00 -9999.00 -9999.00 -9999.00 -9999.00
127.85 188.79 87.54 7.86 2.42 9.87 0.28 0.18 2.41 25.38 64.00 66.89 40.08 -9999.00 -9999.00 -9999.00 -9999.00 -9999.00 -9999.00 27.41 6.65 15.01 18.19 8.42 4.24 -9999.00 -9999.00 -9999.00 -9999.00 -9999.00 -9999.00 -9999.00 -9999.00 -9999.00 -9999.00 -9999.00 -9999.00 -9999.00 -9999.00 8.77 4.00 4.39 8.65 -9999.00 -9999.00 6.30 137.27 91.78 35.67 42.50 52.25 6.49 61.75 90.00 66.90 14.31 10.12 17.94 38.69 76.53 57.56 13.03 -9999.00 -9999.00 -9999.00 -9999.00 -9999.00 -9999.00 64.18
27.90 25.87 27.12 73.82 38.80 10.80 1.69 18.25 27.47 21.91 21.45 21.76 19.34 -9999.00 -9999.00 -9999.00 -9999.00 -9999.00 -9999.00 -9999.00 -9999.00 6.71 -9999.00 -9999.00 -9999.00 -9999.00 -9999.00 -9999.00 -9999.00 -9999.00 -9999.00 -9999.00 -9999.00 -9999.00 -9999.00 -9999.00 -9999.00 1.12 4.26 1.91 7.21 0.04 0.12 -9999.00 -9999.00 123.20 118.78 56.77 -9999.00 11.93 18.38 32.22 97.59 128.45 87.02 70.86 61.11 -9999.00 -9999.00 -9999.00 35.57 62.53 35.48 4.95 -9999.00 -9999.00 -9999.00 55.85 65.04
17.82 86.59 138.38 172.40 64.69 2.54 4.71 16.18 9.05 22.25 -9999.00 -9999.00 -9999.00 -9999.00 -9999.00 -9999.00 -9999.00 -9999.00 -9999.00 -9999.00 -9999.00 -9999.00 -9999.00 -9999.00 -9999.00 -9999.00 -9999.00 -9999.00 -9999.00 -9999.00 -9999.00 -9999.00 -9999.00 -9999.00 -9999.00 -9999.00 -9999.00 -9999.00 9.44 2.55 2.22 5.68 2.87 -9999.00 33.27 121.75 18.33 22.57 18.58 4.12 10.61 24.30 27.20 21.75 24.50 128.06 50.46 -9999.00 -9999.00 -9999.00 -9999.00 -9999.00 31.59 37.43 43.84 29.08 53.13 55.79 -9999.00
10.84 0.75 0.21 37.46 9.84 24.19 25.90 0.57 -9999.00 -9999.00 -9999.00 -9999.00 -9999.00 -9999.00 -9999.00 -9999.00 -9999.00 -9999.00 -9999.00 -9999.00 -9999.00 -9999.00 -9999.00 -9999.00 -9999.00 -9999.00 -9999.00 -9999.00 -9999.00 -9999.00 -9999.00 -9999.00 -9999.00 -9999.00 -9999.00 -9999.00 2.41 7.51 2.72 5.14 10.97 6.91 -9999.00 -9999.00 41.85 50.42 -9999.00 15.04 13.25 1.97 11.98 2.47 16.62 35.95 57.87 85.73 14.48 5.49 -9999.00 -9999.00 -9999.00 -9999.00 -9999.00 -9999.00 21.45 47.35 44.33 -9999.00 -9999.00
-9999.00 3.00 1.27 -9999.00 6.50 0.00 -9999.00 -9999.00 -9999.00 -9999.00 -9999.00 -9999.00 -9999.00 -9999.00 -9999.00 -9999.00 -9999.00 -9999.00 -9999.00 -9999.00 -9999.00 -9999.00 -9999.00 -9999.00 -9999.00 -9999.00 -9999.00 -9999.00 -9999.00 -9999.00 -9999.00 -9999.00 -9999.00 -9999.00 -9999.00 -9999.00 0.20 2.23 0.00 -9999.00 -9999.00 -9999.00 -9999.00 -9999.00 -9999.00 -9999.00 -9999.00 -9999.00 1.38 7.41 16.39 4.73 23.47 37.89 33.82 34.09 23.01 7.75 -9999.00 -9999.00 -9999.00 -9999.00 -9999.00 -9999.00 -9999.00 17.37 26.45 -9999.00 -9999.00
14.70 25.48 12.65 -9999.00 -9999.00 -9999.00 -9999.00 -9999.00 -9999.00 -9999.00 -9999.00 -9999.00 -9999.00 -9999.00 -9999.00 -9999.00 -9999.00 -9999.00 -9999.00 -9999.00 -9999.00 -9999.00 -9999.00 -9999.00 -9999.00 -9999.00 -9999.00 -9999.00 -9999.00 -9999.00 -9999.00 -9999.00 -9999.00 -9999.00 -9999.00 -9999.00 -9999.00 -9999.00 -9999.00 -9999.00 -9999.00 -9999.00 -9999.00 -9999.00 -9999.00 -9999.00 -9999.00 -9999.00 -9999.00 20.26 24.68 5.41 24.46 37.97 25.63 16.50 0.28 3.04 -9999.00 -9999.00 -9999.00 -9999.00 -9999.00 -9999.00 -9999.00 -9999.00 -9999.00 -9999.00 -9999.00
