test_cases/Hunza_test_case/ice_properties_Hunza/ice_thickness_HKHK_wmean_Hunza.asc
ncols 211
nrows 139
xllcorner 74.0249999894040
yllcorner 35.9249999957280
cellsize 0.0083333333330
NODATA_value -9999
[rows 90 to 119 of 139, columns 69 to 137 of 211]
-9999.00 -9999.00 -9999.00 -9999.00 -9999.00 -9999.00 -9999.00 -9999.00 -9999.00 -9999.00 -9999.00 -9999.00 -9999.00 -9999.00 -9999.00 -9999.00 5.39 -9999.00 -9999.00 -9999.00 -9999.00 -9999.00 -9999.00 -9999.00 -9999.00 -9999.00 -9999.00 -9999.00 -9999.00 -9999.00 -9999.00 -9999.00 -9999.00 -9999.00 -9999.00 -9999.00 -9999.00 -9999.00 -9999.00 -9999.00 -9999.00 27.18 53.43 90.45 87.08 53.02 9.77 8.06 24.74 159.33 51.39 13.08 31.24 45.94 46.34 39.12 59.74 81.63 44.63 110.91 127.65 99.13 17.19 42.58 69.12 186.69 116.05 64.58 29.56
-9999.00 -9999.00 -9999.00 -9999.00 -9999.00 -9999.00 -9999.00 -9999.00 -9999.00 -9999.00 -9999.00 -9999.00 -9999.00 -9999.00 -9999.00 -9999.00 -9999.00 -9999.00 -9999.00 -9999.00 -9999.00 -9999.00 -9999.00 -9999.00 -9999.00 -9999.00 -9999.00 -9999.00 -9999.00 -9999.00 -9999.00 -9999.00 -9999.00 -9999.00 -9999.00 -9999.00 -9999.00 -9999.00 -9999.00 -9999.00 17.63 27.13 9.35 9.80 11.99 5.09 41.42 13.04 96.63 76.97 27.43 17.11 16.37 24.32 35.18 27.08 37.37 22.18 50.40 157.79 111.09 156.09 112.25 43.85 241.41 105.12 47.30 37.44 23.78
-9999.00 -9999.00 -9999.00 -9999.00 -9999.00 -9999.00 -9999.00 -9999.00 -9999.00 -9999.00 -9999.00 -9999.00 -9999.00 -9999.00 -9999.00 -9999.00 -9999.00 -9999.00 -9999.00 -9999.00 -9999.00 -9999.00 -9999.00 -9999.00 -9999.00 -9999.00 -9999.00 -9999.00 -9999.00 -9999.00 -9999.00 -9999.00 -9999.00 -9999.00 -9999.00 -9999.00 -9999.00 -9999.00 -9999.00 -9999.00 26.03 17.02 5.83 3.00 4.58 34.62 33.48 123.54 173.41 33.61 35.27 25.57 28.43 41.12 14.13 33.46 36.69 50.48 84.99 81.72 47.56 125.69 85.37 66.71 68.58 36.94 22.04 5.91 36.80
-9999.00 -9999.00 -9999.00 -9999.00 -9999.00 -9999.00 -9999.00 -9999.00 -9999.00 -9999.00 -9999.00 -9999.00 -9999.00 -9999.00 -9999.00 -9999.00 -9999.00 -9999.00 -9999.00 -9999.00 -9999.00 -9999.00 -9999.00 -9999.00 -9999.00 -9999.00 -9999.00 -9999.00 -9999.00 -9999.00 -9999.00 -9999.00 -9999.00 -9999.00 -9999.00 -9999.00 -9999.00 -9999.00 -9999.00 -9999.00 -9999.00 -9999.00 1.44 1.11 8.04 33.66 108.26 192.91 97.36 63.07 28.12 27.30 37.13 94.81 79.43 21.68 36.63 39.10 44.72 23.93 28.71 34.69 27.85 25.67 21.46 15.49 15.42 36.68 28.59
-9999.00 -9999.00 -9999.00 -9999.00 -9999.00 -9999.00 -9999.00 -9999.00 -9999.00 -9999.00 -9999.00 -9999.00 -9999.00 -9999.00 -9999.00 -9999.00 -9999.00 -9999.00 -9999.00 -9999.00 -9999.00 -9999.00 -9999.00 -9999.00 -9999.00 -9999.00 -9999.00 -9999.00 -9999.00 -9999.00 -9999.00 -9999.00 -9999.00 -9999.00 -9999.00 -9999.00 -9999.00 -9999.00 -9999.00 10.74 0.00 12.41 1.16 -9999.00 -9999.00 99.49 170.19 47.12 15.58 29.65 21.53 25.18 70.06 98.36 52.46 63.70 10.68 23.15 25.30 22.33 19.27 15.63 5.13 2.02 18.92 24.34 27.12 42.33 56.07
-9999.00 -9999.00 -9999.00 -9999.00 -9999.00 -9999.00 -9999.00 -9999.00 -9999.00 -9999.00 -9999.00 -9999.00 -9999.00 -9999.00 -9999.00 -9999.00 -9999.00 -9999.00 -9999.00 -9999.00 -9999.00 -9999.00 -9999.00 -9999.00 -9999.00 -9999.00 -9999.00 -9999.00 -9999.00 -9999.00 -9999.00 -9999.00 -9999.00 -9999.00 -9999.00 -9999.00 -9999.00 -9999.00 -9999.00 3.59 7.15 3.38 0.43 6.06 0.00 224.33 84.42 75.02 17.37 15.79 36.44 86.31 98.87 42.12 102.68 71.84 20.71 3.63 5.10 1.73 9.81 5.36 13.44 15.95 10.33 0.09 66.04 113.14 93.61
-9999.00 -9999.00 -9999.00 -9999.00 -9999.00 -9999.00 -9999.00 -9999.00 -9999.00 -9999.00 -9999.00 -9999.00 -9999.00 -9999.00 -9999.00 -9999.00 -9999.00 -9999.00 -9999.00 -9999.00 -9999.00 -9999.00 -9999.00 -9999.00 -9999.00 -9999.00 -9999.00 -9999.00 -9999.00 -9999.00 -9999.00 -9999.00 -9999.00 -9999.00 -9999.00 -9999.00 -9999.00 -9999.00 -9999.00 -9999.00 3.21 6.64 3.39 6.44 101.46 172.89 12.44 36.09 27.21 12.66 21.76 138.88 139.86 95.56 37.78 25.81 41.32 41.19 23.56 18.63 28.56 24.43 34.33 11.46 18.47 19.78 12.29 162.63 219.07
-9999.00 -9999.00 -9999.00 -9999.00 -9999.00 -9999.00 -9999.00 -9999.00 -9999.00 -9999.00 -9999.00 -9999.00 -9999.00 -9999.00 -9999.00 -9999.00 -9999.00 -9999.00 -9999.00 -9999.00 -9999.00 -9999.00 -9999.00 -9999.00 -9999.00 -9999.00 -9999.00 -9999.00 -9999.00 -9999.00 -9999.00 -9999.00 -9999.00 -9999.00 5.46 39.71 77.99 44.01 -9999.00 -9999.00 -9999.00 0.06 0.03 1.19 173.10 155.09 3.87 10.26 18.91 3.84 65.91 180.58 78.82 17.11 11.24 12.83 53.71 48.25 32.56 28.32 20.37 42.58 123.29 174.21 13.46 16.74 10.53 100.68 281.05
-9999.00 -9999.00 -9999.00 -9999.00 -9999.00 -9999.00 -9999.00 -9999.00 -9999.00 -9999.00 -9999.00 -9999.00 -9999.00 -9999.00 -9999.00 -9999.00 -9999.00 -9999.00 -9999.00 -9999.00 -9999.00 -9999.00 -9999.00 -9999.00 -9999.00 -9999.00 -9999.00 -9999.00 -9999.00 -9999.00 -9999.00 -9999.00 -9999.00 -9999.00 -9999.00 -9999.00 87.21 162.45 166.26 134.19 17.90 -9999.00 -9999.00 -9999.00 157.20 91.96 -9999.00 0.70 6.02 1.73 135.12 120.21 11.93 64.06 92.89 12.17 24.47 14.09 47.17 29.58 9.70 8.77 71.42 210.22 189.37 -9999.00 0.00 32.55 278.09
-9999.00 -9999.00 -9999.00 -9999.00 -9999.00 -9999.00 -9999.00 -9999.00 -9999.00 -9999.00 -9999.00 -9999.00 -9999.00 -9999.00 -9999.00 -9999.00 -9999.00 -9999.00 34.85 53.89 -9999.00 -9999.00 -9999.00 -9999.00 -9999.00 -9999.00 -9999.00 -9999.00 -9999.00 -9999.00 -9999.00 -9999.00 -9999.00 0.02 2.42 0.05 -9999.00 -9999.00 120.23 200.26 157.91 233.88 180.56 210.50 204.05 44.30 -9999.00 -9999.00 -9999.00 103.85 213.10 152.31 200.69 218.34 106.83 53.14 16.92 1.17 12.92 21.01 13.09 24.19 10.86 190.83 288.25 240.95 227.06 220.77 231.58
-9999.00 -9999.00 -9999.00 -9999.00 -9999.00 -9999.00 -9999.00 -9999.00 -9999.00 -9999.00 -9999.00 -9999.00 -9999.00 -9999.00 -9999.00 -9999.00 -9999.00 -9999.00 39.96 104.81 39.25 -9999.00 -9999.00 -9999.00 -9999.00 -9999.00 -9999.00 -9999.00 -9999.00 -9999.00 -9999.00 -9999.00 -9999.00 0.73 2.61 -9999.00 -9999.00 -9999.00 -9999.00 -9999.00 -9999.00 106.51 194.43 270.29 247.73 176.90 148.70 224.28 159.95 214.69 202.54 168.20 135.40 39.70 25.23 23.49 14.31 6.06 50.65 15.89 36.62 36.93 186.78 319.45 313.80 290.82 282.51 293.33 138.65
-9999.00 -9999.00 -9999.00 -9999.00 -9999.00 -9999.00 -9999.00 -9999.00 -9999.00 -9999.00 -9999.00 -9999.00 -9999.00 -9999.00 -9999.00 -9999.00 -9999.00 -9999.00 -9999.00 119.49 49.97 -9999.00 -9999.00 -9999.00 -9999.00 -9999.00 -9999.00 -9999.00 -9999.00 -9999.00 -9999.00 -9999.00 -9999.00 -9999.00 -9999.00 -9999.00 -9999.00 -9999.00 -9999.00 -9999.00 -9999.00 -9999.00 -9999.00 -9999.00 -9999.00 6.72 8.64 20.31 22.74 27.86 26.88 7.36 14.40 23.82 20.06 5.63 28.25 43.79 76.28 52.24 -9999.00 88.00 288.06 280.31 130.43 8.37 88.54 164.35 188.67
3.65 -9999.00 -9999.00 -9999.00 -9999.00 -9999.00 -9999.00 -9999.00 -9999.00 -9999.00 -9999.00 -9999.00 -9999.00 -9999.00 -9999.00 -9999.00 -9999.00 -9999.00 -9999.00 65.91 148.27 94.74 -9999.00 -9999.00 -9999.00 -9999.00 -9999.00 -9999.00 -9999.00 -9999.00 -9999.00 -9999.00 -9999.00 -9999.00 -9999.00 -9999.00 -9999.00 -9999.00 -9999.00 -9999.00 -9999.00 -9999.00 -9999.00 -9999.00 -9999.00 -9999.00 -9999.00 -9999.00 6.47 11.64 14.03 7.71 27.74 31.63 4.03 10.38 9.03 0.00 19.83 86.56 94.80 142.03 317.92 185.96 -9999.00 -9999.00 1.07 80.82 157.04
3.20 5.78 6.56 -9999.00 -9999.00 -9999.00 22.12 47.80 -9999.00 -9999.00 3.92 4.33 -9999.00 -9999.00 -9999.00 -9999.00 -9999.00 -9999.00 -9999.00 -9999.00 142.02 198.81 92.06 210.84 190.13 24.03 -9999.00 -9999.00 -9999.00 -9999.00 -9999.00 -9999.00 -9999.00 -9999.00 -9999.00 -9999.00 -9999.00 -9999.00 -9999.00 -9999.00 -9999.00 -9999.00 -9999.00 -9999.00 -9999.00 -9999.00 -9999.00 -9999.00 -9999.00 4.16 6.92 0.00 47.06 15.70 1.12 64.21 9.66 0.52 0.04 2.04 20.87 132.77 338.83 211.54 -9999.00 -9999.00 0.00 20.38 68.65
0.00 1.39 1.90 -9999.00 -9999.00 -9999.00 23.92 49.25 -9999.00 -9999.00 -9999.00 0.03 2.34 0.16 -9999.00 -9999.00 -9999.00 -9999.00 -9999.00 -9999.00 220.72 177.82 91.46 189.42 241.39 200.48 109.54 -9999.00 -9999.00 -9999.00 -9999.00 -9999.00 -9999.00 -9999.00 -9999.00 -9999.00 -9999.00 -9999.00 -9999.00 -9999.00 -9999.00 -9999.00 -9999.00 -9999.00 -9999.00 -9999.00 -9999.00 -9999.00 -9999.00 -9999.00 -9999.00 47.40 58.85 -9999.00 74.11 104.97 4.76 24.05 4.27 0.00 7.45 19.77 192.46 251.78 74.49 58.56 45.98 47.04 31.75
-9999.00 -9999.00 -9999.00 -9999.00 -9999.00 -9999.00 34.57 83.27 -9999.00 21.49 56.27 27.40 2.89 0.65 -9999.00 -9999.00 -9999.00 -9999.00 -9999.00 89.46 232.44 81.09 -9999.00 -9999.00 96.08 183.65 276.16 226.71 -9999.00 -9999.00 -9999.00 -9999.00 -9999.00 -9999.00 -9999.00 -9999.00 -9999.00 -9999.00 -9999.00 -9999.00 -9999.00 -9999.00 -9999.00 -9999.00 -9999.00 -9999.00 -9999.00 -9999.00 -9999.00 -9999.00 -9999.00 20.67 -9999.00 -9999.00 45.02 10.27 45.92 19.40 2.75 8.64 9.38 -9999.00 111.10 296.25 163.31 -9999.00 5.09 5.07 12.69
-9999.00 -9999.00 -9999.00 -9999.00 2.95 3.34 107.09 164.76 65.06 7.10 23.39 8.08 8.12 6.70 4.17 0.00 -9999.00 -9999.00 -9999.00 194.29 191.95 -9999.00 -9999.00 -9999.00 -9999.00 -9999.00 204.64 248.09 116.58 -9999.00 -9999.00 -9999.00 -9999.00 -9999.00 -9999.00 -9999.00 -9999.00 -9999.00 -9999.00 -9999.00 -9999.00 -9999.00 -9999.00 -9999.00 -9999.00 -9999.00 -9999.00 -9999.00 -9999.00 -9999.00 -9999.00 -9999.00 -9999.00 -9999.00 -9999.00 0.40 22.38 10.69 17.94 17.81 9.44 -9999.00 74.82 295.11 122.93 -9999.00 -9999.00 0.62 7.03
21.63 -9999.00 -9999.00 6.46 13.03 4.96 40.59 80.18 97.28 64.81 77.75 82.23 0.39 2.35 9.73 0.00 -9999.00 -9999.00 6.60 215.69 17.28 -9999.00 -9999.00 -9999.00 -9999.00 -9999.00 -9999.00 228.85 219.31 -9999.00 -9999.00 -9999.00 -9999.00 -9999.00 -9999.00 -9999.00 -9999.00 -9999.00 -9999.00 -9999.00 -9999.00 -9999.00 -9999.00 -9999.00 -9999.00 -9999.00 -9999.00 -9999.00 -9999.00 -9999.00 -9999.00 -9999.00 -9999.00 -9999.00 -9999.00 -9999.00 -9999.00 -9999.00 16.01 -9999.00 -9999.00 -9999.00 73.29 289.71 148.08 -9999.00 -9999.00 50.80 23.41
246.06 125.44 -9999.00 1.74 12.83 6.74 0.66 28.88 87.74 87.55 29.26 34.86 32.41 0.35 0.19 -9999.00 -9999.00 -9999.00 138.07 200.85 -9999.00 -9999.00 -9999.00 -9999.00 -9999.00 -9999.00 -9999.00 134.97 253.10 172.67 -9999.00 -9999.00 -9999.00 -9999.00 -9999.00 -9999.00 -9999.00 -9999.00 -9999.00 -9999.00 -9999.00 -9999.00 -9999.00 -9999.00 -9999.00 -9999.00 -9999.00 -9999.00 -9999.00 -9999.00 -9999.00 -9999.00 -9999.00 -9999.00 -9999.00 -9999.00 -9999.00 -9999.00 -9999.00 -9999.00 -9999.00 -9999.00 10.98 212.54 144.67 13.60 27.65 37.57 12.21
212.03 204.82 144.44 59.39 73.96 62.96 2.65 37.76 73.21 136.91 28.67 23.99 5.92 9.62 4.37 -9999.00 -9999.00 93.94 196.45 67.26 -9999.00 -9999.00 -9999.00 -9999.00 -9999.00 -9999.00 -9999.00 -9999.00 216.26 308.94 74.86 -9999.00 -9999.00 -9999.00 -9999.00 -9999.00 -9999.00 -9999.00 -9999.00 -9999.00 -9999.00 -9999.00 13.17 -9999.00 -9999.00 -9999.00 -9999.00 -9999.00 -9999.00 -9999.00 -9999.00 -9999.00 -9999.00 -9999.00 -9999.00 -9999.00 -9999.00 -9999.00 -9999.00 -9999.00 -9999.00 -9999.00 21.64 215.03 66.76 9.37 13.41 26.23 17.19
60.39 90.90 132.19 128.57 108.78 116.73 32.40 15.03 22.21 36.78 23.80 7.42 3.55 1.08 -9999.00 -9999.00 -9999.00 105.50 63.22 -9999.00 -9999.00 4.68 7.12 20.46 -9999.00 -9999.00 -9999.00 -9999.00 239.88 398.19 221.46 36.08 -9999.00 -9999.00 -9999.00 -9999.00 -9999.00 -9999.00 -9999.00 -9999.00 32.82 12.35 22.76 -9999.00 -9999.00 -9999.00 -9999.00 -9999.00 -9999.00 -9999.00 51.33 159.93 229.62 218.02 126.40 33.45 -9999.00 -9999.00 -9999.00 -9999.00 -9999.00 -9999.00 16.52 194.00 86.48 -9999.00 -9999.00 -9999.00 0.00
27.97 56.47 53.86 41.36 62.81 108.84 95.84 57.41 0.57 0.69 0.81 3.33 -9999.00 -9999.00 -9999.00 -9999.00 109.37 169.05 -9999.00 -9999.00 -9999.00 4.92 1.34 18.73 13.99 28.70 -9999.00 -9999.00 33.81 325.57 296.19 214.74 171.05 4.38 -9999.00 -9999.00 -9999.00 -9999.00 0.00 4.84 28.66 26.37 28.14 -9999.00 -9999.00 17.99 0.00 -9999.00 -9999.00 -9999.00 -9999.00 99.47 190.50 256.28 266.54 259.65 221.89 192.01 132.53 64.49 -9999.00 -9999.00 11.49 153.03 63.46 -9999.00 -9999.00 -9999.00 -9999.00
19.60 26.07 42.67 42.25 54.49 55.64 56.17 19.63 10.12 42.50 130.24 109.54 80.49 75.28 7.18 -9999.00 76.38 115.30 -9999.00 -9999.00 -9999.00 0.16 0.75 -9999.00 41.39 40.10 -9999.00 -9999.00 170.05 310.43 138.93 161.97 198.65 197.28 14.20 -9999.00 -9999.00 -9999.00 0.08 0.70 3.35 1.73 5.99 0.22 -9999.00 26.92 -9999.00 -9999.00 -9999.00 -9999.00 -9999.00 -9999.00 -9999.00 54.21 141.49 184.71 206.04 281.77 318.57 260.00 212.78 154.58 154.92 172.03 65.24 36.86 -9999.00 -9999.00 -9999.00
5.93 6.78 19.57 36.46 41.35 45.33 45.06 25.77 2.42 22.94 29.13 32.92 50.83 91.39 44.34 34.82 110.32 88.04 2.14 -9999.00 0.81 2.48 0.71 15.19 19.63 -9999.00 -9999.00 -9999.00 185.11 197.68 -9999.00 -9999.00 20.07 233.22 199.31 12.50 -9999.00 -9999.00 -9999.00 -9999.00 1.75 4.60 7.85 -9999.00 -9999.00 33.01 -9999.00 -9999.00 -9999.00 -9999.00 -9999.00 -9999.00 -9999.00 -9999.00 -9999.00 9.01 104.87 206.65 239.68 276.93 269.41 243.16 216.60 202.77 187.52 189.23 140.53 56.06 -9999.00
-9999.00 1.74 13.84 3.56 15.78 27.37 21.94 6.99 27.99 32.86 19.37 26.11 37.73 35.19 2.82 45.51 68.02 70.54 79.07 63.48 -9999.00 -9999.00 1.73 3.40 2.84 0.00 6.76 0.53 199.38 148.77 -9999.00 -9999.00 -9999.00 148.11 299.91 246.44 8.39 12.51 9.87 4.91 0.00 4.18 22.19 18.03 1.52 68.34 -9999.00 -9999.00 -9999.00 -9999.00 -9999.00 -9999.00 -9999.00 0.54 17.31 14.30 -9999.00 38.82 11.24 96.53 153.17 195.87 163.78 136.76 179.62 267.35 224.98 186.84 155.79
23.09 21.41 17.22 14.30 19.54 0.95 4.50 1.64 10.79 14.84 2.94 21.36 22.70 34.06 54.51 60.29 23.32 12.38 57.14 94.51 40.15 -9999.00 0.53 0.12 3.52 11.52 11.48 -9999.00 69.86 62.19 -9999.00 -9999.00 -9999.00 -9999.00 185.98 323.77 -9999.00 -9999.00 0.00 3.75 2.97 4.29 1.66 38.99 140.39 77.24 0.38 -9999.00 42.08 49.42 1.83 2.59 3.68 0.00 5.38 3.14 -9999.00 39.31 3.39 -9999.00 16.19 94.88 -9999.00 -9999.00 45.16 162.79 204.19 238.31 226.27
54.60 59.96 72.34 57.44 5.23 18.72 17.37 11.41 29.50 35.91 72.33 106.68 84.19 138.75 130.73 70.65 7.14 4.04 57.32 95.49 74.31 83.62 51.93 -9999.00 4.98 0.73 4.99 3.75 102.25 74.79 -9999.00 -9999.00 -9999.00 28.66 256.10 256.21 -9999.00 -9999.00 -9999.00 4.66 2.01 2.55 28.40 100.37 78.99 8.69 1.25 -9999.00 114.17 64.87 -9999.00 -9999.00 6.57 7.46 61.14 54.24 68.32 50.51 0.51 -9999.00 43.20 79.64 -9999.00 -9999.00 31.56 57.68 48.21 143.67 246.86
74.34 71.84 77.23 82.30 54.64 28.13 7.10 9.54 20.19 25.52 44.08 35.67 66.21 80.02 49.82 40.30 14.08 53.34 107.63 72.68 21.04 83.66 47.90 41.28 15.22 2.25 4.32 91.10 133.53 53.15 -9999.00 -9999.00 -9999.00 214.09 245.77 105.84 -9999.00 -9999.00 -9999.00 2.21 5.91 7.26 23.29 79.43 4.34 4.94 -9999.00 15.80 163.48 53.90 -9999.00 -9999.00 8.41 3.96 23.15 21.81 79.92 27.57 0.88 -9999.00 25.37 25.20 7.07 5.77 8.67 -9999.00 -9999.00 110.44 67.92
32.55 16.68 32.18 33.82 28.33 0.71 11.53 10.51 4.47 14.03 22.95 31.54 38.53 39.37 41.88 32.25 59.96 100.60 142.19 24.11 68.99 32.97 25.67 31.17 18.12 7.67 16.79 121.04 120.46 1.27 3.17 0.10 -9999.00 153.83 222.67 21.38 -9999.00 -9999.00 3.96 13.09 8.80 0.20 12.91 43.65 3.63 9.13 15.24 36.39 197.75 77.73 -9999.00 10.60 18.42 0.92 12.13 10.05 45.43 55.49 5.75 4.43 10.48 12.52 4.33 11.48 3.33 7.95 18.78 121.66 -9999.00
7.33 0.80 2.65 0.00 2.71 5.01 2.08 12.82 0.27 11.63 22.15 7.13 12.34 20.07 28.91 40.46 44.58 83.85 85.07 19.39 28.93 40.96 18.66 5.26 10.26 17.01 70.68 125.36 90.60 62.65 16.13 -9999.00 -9999.00 45.17 232.84 202.74 -9999.00 -9999.00 2.59 4.83 -9999.00 0.83 7.16 2.49 8.08 3.11 3.87 31.44 230.59 214.63 18.54 13.87 6.11 3.55 46.39 6.93 35.35 66.11 3.40 20.80 21.82 21.07 0.03 0.31 1.98 8.65 66.14 93.31 -9999.00
