test_cases/Hunza_test_case/ice_properties_Hunza/ice_thickness_HKHK_wmean_Hunza.asc
ncols 211
nrows 139
xllcorner 74.0249999894040
yllcorner 35.9249999957280
cellsize 0.0083333333330
NODATA_value -9999
[rows 30 to 59 of 139, columns 0 to 68 of 211]
25.56 42.52 36.68 19.74 21.14 46.57 31.09 -9999.00 -9999.00 -9999.00 -9999.00 -9999.00 -9999.00 -9999.00 -9999.00 -9999.00 -9999.00 -9999.00 -9999.00 -9999.00 -9999.00 -9999.00 -9999.00 -9999.00 -9999.00 -9999.00 -9999.00 -9999.00 -9999.00 -9999.00 -9999.00 -9999.00 -9999.00 -9999.00 -9999.00 -9999.00 -9999.00 -9999.00 -9999.00 -9999.00 -9999.00 -9999.00 -9999.00 -9999.00 -9999.00 -9999.00 -9999.00 -9999.00 -9999.00 -9999.00 -9999.00 -9999.00 -9999.00 -9999.00 -9999.00 -9999.00 -9999.00 -9999.00 -9999.00 -9999.00 -9999.00 -9999.00 -9999.00 -9999.00 -9999.00 -9999.00 -9999.00 -9999.00 -9999.00
1.55 11.37 12.48 17.44 51.81 59.49 52.43 12.88 0.07 -9999.00 -9999.00 -9999.00 -9999.00 -9999.00 -9999.00 -9999.00 69.30 192.02 235.04 157.77 100.16 7.15 -9999.00 -9999.00 -9999.00 -9999.00 -9999.00 -9999.00 -9999.00 -9999.00 -9999.00 -9999.00 -9999.00 -9999.00 -9999.00 -9999.00 -9999.00 -9999.00 -9999.00 -9999.00 -9999.00 -9999.00 -9999.00 -9999.00 -9999.00 -9999.00 -9999.00 -9999.00 -9999.00 -9999.00 -9999.00 -9999.00 -9999.00 -9999.00 -9999.00 -9999.00 -9999.00 -9999.00 -9999.00 -9999.00 -9999.00 -9999.00 -9999.00 -9999.00 -9999.00 -9999.00 -9999.00 -9999.00 -9999.00
40.34 70.35 61.76 0.57 12.36 19.57 23.18 2.16 0.44 2.71 -9999.00 23.09 28.03 -9999.00 -9999.00 156.92 277.05 212.56 157.17 25.23 -9999.00 -9999.00 -9999.00 -9999.00 2.81 9.12 5.23 -9999.00 -9999.00 -9999.00 -9999.00 -9999.00 -9999.00 -9999.00 -9999.00 -9999.00 -9999.00 -9999.00 -9999.00 -9999.00 -9999.00 -9999.00 -9999.00 -9999.00 -9999.00 -9999.00 -9999.00 -9999.00 -9999.00 -9999.00 -9999.00 -9999.00 -9999.00 -9999.00 -9999.00 -9999.00 -9999.00 -9999.00 -9999.00 -9999.00 -9999.00 -9999.00 -9999.00 -9999.00 -9999.00 -9999.00 -9999.00 -9999.00 -9999.00
7.41 23.77 12.78 9.49 3.62 60.24 50.48 71.95 54.40 12.35 2.63 90.15 35.55 -9999.00 -9999.00 207.38 339.42 24.31 -9999.00 -9999.00 -9999.00 2.92 20.22 -9999.00 4.92 9.76 0.24 0.04 -9999.00 -9999.00 -9999.00 -9999.00 -9999.00 -9999.00 -9999.00 -9999.00 -9999.00 -9999.00 47.26 85.20 0.00 -9999.00 -9999.00 -9999.00 -9999.00 -9999.00 -9999.00 -9999.00 -9999.00 -9999.00 -9999.00 -9999.00 -9999.00 -9999.00 -9999.00 -9999.00 -9999.00 -9999.00 -9999.00 -9999.00 -9999.00 -9999.00 -9999.00 -9999.00 -9999.00 -9999.00 -9999.00 -9999.00 -9999.00
-9999.00 -9999.00 -9999.00 -9999.00 9.76 27.71 44.79 30.98 33.44 49.90 6.59 56.35 9.75 -9999.00 -9999.00 225.82 315.86 -9999.00 -9999.00 -9999.00 -9999.00 30.71 36.05 -9999.00 -9999.00 -9999.00 -9999.00 41.08 24.88 -9999.00 -9999.00 -9999.00 -9999.00 -9999.00 -9999.00 -9999.00 -9999.00 -9999.00 188.92 199.42 41.21 -9999.00 -9999.00 -9999.00 -9999.00 -9999.00 -9999.00 -9999.00 -9999.00 -9999.00 -9999.00 -9999.00 -9999.00 -9999.00 -9999.00 -9999.00 -9999.00 -9999.00 -9999.00 -9999.00 -9999.00 -9999.00 -9999.00 -9999.00 -9999.00 -9999.00 -9999.00 -9999.00 -9999.00
-9999.00 -9999.00 -9999.00 -9999.00 -9999.00 0.24 1.94 2.40 14.48 24.59 4.71 103.26 20.02 7.16 -9999.00 199.14 305.66 67.11 -9999.00 -9999.00 -9999.00 114.33 51.13 -9999.00 -9999.00 -9999.00 109.88 93.49 12.81 -9999.00 32.16 51.66 -9999.00 -9999.00 -9999.00 -9999.00 -9999.00 108.36 224.88 170.11 3.62 12.59 124.82 126.57 -9999.00 -9999.00 -9999.00 -9999.00 -9999.00 -9999.00 8.18 5.41 -9999.00 -9999.00 18.66 -9999.00 -9999.00 -9999.00 -9999.00 -9999.00 -9999.00 -9999.00 -9999.00 -9999.00 -9999.00 -9999.00 -9999.00 -9999.00 -9999.00
-9999.00 -9999.00 -9999.00 -9999.00 -9999.00 -9999.00 -9999.00 18.67 5.49 0.32 5.26 17.89 12.37 -9999.00 -9999.00 62.22 288.53 137.83 -9999.00 -9999.00 -9999.00 126.60 34.62 -9999.00 -9999.00 120.68 136.15 0.00 25.61 50.85 72.93 46.15 13.52 -9999.00 -9999.00 -9999.00 134.78 225.70 196.88 11.78 -9999.00 -9999.00 120.55 194.05 196.25 128.55 -9999.00 -9999.00 -9999.00 0.40 5.81 4.76 0.00 1.68 34.80 10.34 -9999.00 -9999.00 -9999.00 -9999.00 13.71 4.08 -9999.00 -9999.00 -9999.00 -9999.00 -9999.00 -9999.00 -9999.00
61.69 111.10 175.71 129.14 -9999.00 -9999.00 -9999.00 17.34 3.90 20.60 33.27 39.70 41.21 -9999.00 -9999.00 74.88 328.07 192.60 -9999.00 4.69 60.06 113.81 18.54 1.70 61.97 214.72 128.72 0.00 12.47 30.27 11.79 9.53 10.74 -9999.00 -9999.00 131.97 190.52 180.48 78.53 -9999.00 -9999.00 -9999.00 -9999.00 71.52 181.45 229.58 148.48 -9999.00 -9999.00 -9999.00 -9999.00 0.00 6.24 5.84 12.50 9.50 8.10 0.00 8.98 9.15 9.20 -9999.00 -9999.00 -9999.00 -9999.00 -9999.00 -9999.00 -9999.00 -9999.00
-9999.00 18.48 125.22 188.86 231.26 132.28 -9999.00 22.73 2.44 8.11 2.09 67.09 102.63 61.09 79.37 121.69 322.46 259.11 6.45 7.86 29.68 49.19 6.45 0.47 48.20 85.63 79.58 46.65 8.42 -9999.00 -9999.00 -9999.00 -9999.00 -9999.00 92.45 249.25 223.49 77.92 -9999.00 -9999.00 -9999.00 -9999.00 -9999.00 1.48 56.97 265.14 283.74 -9999.00 -9999.00 -9999.00 -9999.00 -9999.00 0.00 6.34 0.00 0.71 7.53 5.25 0.16 0.06 -9999.00 -9999.00 -9999.00 -9999.00 -9999.00 -9999.00 -9999.00 -9999.00 -9999.00
-9999.00 -9999.00 -9999.00 11.36 172.53 116.73 109.50 42.28 24.78 22.77 1.54 75.21 76.47 79.58 46.51 11.70 59.59 119.20 24.18 29.74 23.23 39.24 31.33 1.33 1.20 13.77 13.05 10.95 5.51 11.20 -9999.00 -9999.00 -9999.00 67.10 212.58 208.91 73.61 -9999.00 -9999.00 -9999.00 6.98 19.28 20.39 20.47 -9999.00 222.52 232.62 30.43 -9999.00 -9999.00 -9999.00 2.99 10.27 11.86 14.15 43.98 18.45 -9999.00 -9999.00 -9999.00 -9999.00 -9999.00 -9999.00 -9999.00 -9999.00 -9999.00 -9999.00 -9999.00 -9999.00
-9999.00 -9999.00 -9999.00 -9999.00 4.48 20.72 72.46 61.58 10.83 28.88 12.01 8.14 14.75 28.86 24.19 5.00 59.18 254.86 113.59 22.42 37.73 67.59 25.89 32.36 4.42 35.89 65.72 65.67 -9999.00 -9999.00 -9999.00 -9999.00 45.11 199.51 221.57 146.41 4.58 16.47 13.86 -9999.00 2.63 3.70 1.74 0.30 -9999.00 132.00 269.83 68.99 -9999.00 -9999.00 -9999.00 2.12 2.51 0.87 17.31 12.60 -9999.00 -9999.00 -9999.00 -9999.00 -9999.00 -9999.00 -9999.00 -9999.00 -9999.00 -9999.00 -9999.00 -9999.00 -9999.00
-9999.00 -9999.00 -9999.00 7.77 2.49 5.53 21.58 23.16 23.16 22.95 46.87 118.92 173.35 136.91 138.73 188.71 207.39 214.34 254.86 183.25 90.02 33.78 11.50 9.27 0.72 23.73 21.80 40.31 2.75 -9999.00 -9999.00 28.24 202.59 207.73 118.94 -9999.00 -9999.00 -9999.00 8.19 0.00 0.93 10.97 8.08 -9999.00 27.93 10.38 206.30 173.42 -9999.00 -9999.00 23.52 56.28 20.98 0.87 7.46 4.32 0.00 40.37 -9999.00 -9999.00 -9999.00 12.76 11.41 2.03 -9999.00 -9999.00 -9999.00 -9999.00 -9999.00
-9999.00 -9999.00 0.87 13.64 4.19 5.19 32.03 45.08 15.12 1.18 17.90 38.37 94.93 178.76 132.06 57.93 27.53 12.55 48.78 141.01 183.88 78.63 57.18 2.48 26.57 0.81 25.33 113.72 105.29 89.05 95.50 237.45 245.37 147.44 -9999.00 7.27 9.72 0.00 1.98 0.00 23.78 0.00 41.78 41.25 16.45 -9999.00 159.44 193.35 16.80 33.99 1.33 18.80 31.62 41.15 17.31 10.75 98.73 64.77 0.00 0.00 34.72 25.06 35.39 3.10 20.96 -9999.00 -9999.00 -9999.00 -9999.00
-9999.00 6.40 7.42 3.78 0.37 0.29 10.62 10.33 0.47 30.05 0.36 0.41 2.18 12.15 4.06 7.90 0.38 2.38 14.00 27.08 62.18 61.05 8.25 2.28 35.99 25.75 29.57 45.97 3.45 -9999.00 19.20 213.67 208.15 36.66 3.87 -9999.00 0.20 31.95 37.28 11.59 45.16 23.62 15.07 0.00 3.79 -9999.00 61.89 262.40 70.57 43.03 69.49 50.04 8.81 12.37 11.61 31.90 52.52 39.65 4.41 7.93 22.29 7.90 44.13 48.65 41.28 0.00 23.01 -9999.00 -9999.00
-9999.00 -9999.00 -9999.00 0.00 23.67 19.27 2.10 3.45 6.05 19.79 7.26 2.34 90.07 126.93 2.80 53.86 82.82 34.21 9.22 13.10 6.07 10.57 4.95 42.47 9.96 6.51 3.45 -9999.00 -9999.00 -9999.00 111.99 217.82 161.57 64.82 62.70 61.03 16.71 -9999.00 25.24 3.42 99.92 68.94 19.83 -9999.00 -9999.00 -9999.00 22.14 233.60 104.42 7.36 36.20 26.45 14.39 37.89 60.58 7.28 7.11 9.38 2.89 0.97 0.90 10.46 11.97 36.50 20.60 3.00 43.08 42.30 -9999.00
-9999.00 -9999.00 -9999.00 -9999.00 15.35 5.62 3.77 11.16 53.23 23.74 20.60 10.95 45.04 194.96 119.04 39.24 90.63 40.11 30.95 23.97 35.09 51.61 50.23 20.25 2.26 -9999.00 -9999.00 -9999.00 -9999.00 -9999.00 205.63 276.23 167.36 -9999.00 14.08 62.88 88.26 99.95 56.49 14.50 54.09 64.46 22.43 -9999.00 -9999.00 -9999.00 130.89 283.34 83.43 -9999.00 59.11 56.63 1.54 25.50 35.63 1.37 14.16 27.94 33.55 0.50 6.35 1.55 7.27 14.93 3.22 13.26 29.66 25.85 6.16
-9999.00 -9999.00 -9999.00 -9999.00 10.57 1.45 -9999.00 67.43 106.38 26.93 26.50 6.70 -9999.00 111.14 116.94 89.79 66.76 56.12 30.17 39.57 48.26 33.22 107.46 145.32 149.36 181.25 170.63 151.60 174.83 213.81 323.75 368.68 117.83 -9999.00 -9999.00 0.98 6.75 17.83 7.38 4.68 48.41 22.39 35.97 100.75 139.88 167.39 213.04 289.04 128.62 9.31 42.48 31.62 0.00 57.86 33.50 -9999.00 -9999.00 6.30 28.91 13.42 -9999.00 6.75 7.01 0.12 3.30 0.74 3.51 0.56 7.69
-9999.00 -9999.00 -9999.00 -9999.00 -9999.00 13.13 24.30 75.57 60.90 3.84 4.03 4.28 15.57 141.23 55.48 16.89 16.61 12.61 4.77 25.67 27.14 61.07 42.86 74.02 101.88 126.17 221.53 203.41 267.94 205.09 210.85 207.53 201.80 139.03 -9999.00 7.31 4.36 8.23 0.65 68.42 114.89 102.38 140.92 179.50 133.21 55.14 17.61 36.86 118.39 130.86 69.05 4.73 37.94 85.90 82.78 7.66 -9999.00 -9999.00 0.32 7.57 -9999.00 3.27 1.91 0.00 13.78 1.13 8.79 12.57 5.73
-9999.00 -9999.00 -9999.00 -9999.00 -9999.00 5.44 -9999.00 -9999.00 -9999.00 7.57 13.38 30.26 7.43 93.26 20.83 31.40 15.86 24.92 3.36 1.82 19.70 19.56 5.14 10.86 22.37 14.66 2.86 4.66 4.34 104.22 128.68 0.44 78.64 227.32 146.55 0.94 2.06 20.76 11.50 29.85 12.03 31.09 38.01 26.69 11.42 10.65 4.57 20.15 13.73 15.32 22.14 6.74 46.41 36.28 87.85 89.19 52.59 6.38 -9999.00 -9999.00 -9999.00 -9999.00 -9999.00 -9999.00 7.45 9.87 1.57 22.73 1.20
-9999.00 -9999.00 -9999.00 -9999.00 -9999.00 -9999.00 -9999.00 7.55 -9999.00 9.04 14.00 41.11 41.86 63.58 7.49 -9999.00 2.36 3.18 49.19 87.25 16.28 0.00 1.40 5.77 11.08 4.07 2.27 5.64 9.75 50.74 132.77 4.42 1.35 140.47 208.75 4.01 20.37 21.07 85.28 32.80 12.73 0.43 19.56 19.60 9.15 75.73 33.75 7.15 13.20 6.65 16.50 7.32 21.70 15.70 9.73 0.42 85.70 168.14 143.09 -9999.00 -9999.00 -9999.00 -9999.00 -9999.00 -9999.00 9.05 16.21 8.13 36.16
-9999.00 -9999.00 -9999.00 -9999.00 -9999.00 8.46 8.73 11.92 1.39 3.70 0.59 5.33 8.35 33.21 7.66 -9999.00 -9999.00 5.74 22.66 54.01 18.64 33.64 21.15 7.11 68.86 34.39 23.47 2.68 18.14 23.48 20.83 5.02 8.83 56.80 250.19 110.66 70.75 108.55 57.92 40.48 12.45 44.71 106.22 97.27 70.11 63.19 34.92 19.60 6.13 23.19 26.81 20.48 -9999.00 23.01 98.29 167.40 201.94 132.48 165.20 178.31 41.53 -9999.00 -9999.00 -9999.00 -9999.00 -9999.00 9.01 2.36 19.70
-9999.00 -9999.00 -9999.00 -9999.00 -9999.00 -9999.00 -9999.00 2.28 -9999.00 2.45 3.66 -9999.00 -9999.00 -9999.00 -9999.00 -9999.00 -9999.00 -9999.00 33.60 58.66 -9999.00 105.07 71.17 1.08 64.94 128.46 47.19 75.11 32.59 18.18 30.54 61.83 108.48 141.75 208.70 132.27 96.17 58.30 18.15 26.68 11.69 24.41 94.44 158.45 31.36 35.75 22.00 17.25 7.28 36.84 132.95 93.56 64.11 158.81 146.57 190.02 110.75 3.46 -9999.00 145.11 145.37 -9999.00 -9999.00 3.80 7.50 7.84 -9999.00 -9999.00 3.76
-9999.00 -9999.00 -9999.00 -9999.00 -9999.00 -9999.00 -9999.00 -9999.00 -9999.00 -9999.00 -9999.00 -9999.00 -9999.00 -9999.00 -9999.00 -9999.00 -9999.00 -9999.00 8.22 33.37 21.97 59.37 16.32 0.41 76.14 142.74 40.01 85.64 20.15 8.63 15.07 29.88 38.46 52.31 25.11 18.60 10.65 18.65 18.89 10.42 2.83 22.63 43.72 192.09 112.03 57.36 37.59 25.68 30.72 24.99 20.22 47.34 79.71 68.82 7.90 6.14 2.21 9.59 20.95 30.74 144.96 3.01 -9999.00 0.00 0.99 7.67 0.00 -9999.00 -9999.00
-9999.00 -9999.00 -9999.00 -9999.00 -9999.00 -9999.00 -9999.00 -9999.00 -9999.00 -9999.00 -9999.00 -9999.00 93.25 189.75 179.95 254.35 141.25 36.48 55.99 0.00 4.40 3.04 2.43 0.00 13.24 154.96 149.73 104.53 79.91 70.44 14.98 2.62 3.67 15.54 12.62 14.07 3.20 135.41 73.30 34.30 30.43 35.73 14.47 80.13 159.31 17.29 11.75 19.66 28.36 20.06 15.15 19.72 4.11 3.46 0.00 7.43 0.47 9.66 -9999.00 19.40 201.28 13.73 -9999.00 -9999.00 -9999.00 -9999.00 -9999.00 -9999.00 -9999.00
4.05 -9999.00 -9999.00 -9999.00 -9999.00 -9999.00 -9999.00 -9999.00 19.98 30.06 107.73 209.43 268.51 223.26 184.31 208.20 196.91 227.12 234.99 138.36 97.72 2.09 -9999.00 -9999.00 13.15 192.18 96.08 15.33 16.10 17.51 74.44 164.13 62.29 17.38 0.05 38.19 86.95 134.37 30.48 26.21 22.46 22.84 60.63 50.13 120.64 114.95 37.88 89.74 23.98 19.32 31.40 1.80 14.71 4.12 11.62 12.78 3.39 15.68 -9999.00 35.65 191.09 -9999.00 -9999.00 -9999.00 -9999.00 -9999.00 -9999.00 -9999.00 -9999.00
0.72 -9999.00 -9999.00 -9999.00 -9999.00 -9999.00 156.40 177.34 163.43 141.74 159.89 168.19 106.53 -9999.00 -9999.00 0.00 0.87 16.45 53.24 85.50 71.08 113.05 113.73 156.20 160.62 155.57 38.52 58.08 21.44 207.22 205.66 100.34 28.66 8.23 21.14 18.57 14.86 49.04 73.65 84.74 79.99 21.72 12.43 11.17 150.76 154.49 17.08 118.28 63.89 31.51 15.54 37.92 1.34 12.87 -9999.00 -9999.00 -9999.00 -9999.00 12.48 171.94 347.72 258.75 167.46 21.36 -9999.00 -9999.00 -9999.00 -9999.00 -9999.00
-9999.00 -9999.00 -9999.00 -9999.00 -9999.00 -9999.00 41.84 27.34 -9999.00 9.60 31.41 -9999.00 -9999.00 -9999.00 -9999.00 9.88 9.95 1.83 7.04 -9999.00 121.82 98.43 75.49 119.71 159.92 107.46 108.28 121.34 118.27 332.08 150.73 19.77 25.05 23.18 18.86 37.05 24.99 30.97 28.83 10.21 85.47 162.21 177.00 168.71 208.45 92.07 68.91 61.63 37.76 6.92 2.42 18.45 31.30 8.68 -9999.00 -9999.00 81.38 267.87 393.47 419.29 393.82 335.45 303.14 220.99 250.89 269.80 185.02 57.15 -9999.00
-9999.00 -9999.00 -9999.00 -9999.00 -9999.00 -9999.00 -9999.00 -9999.00 -9999.00 10.89 49.33 -9999.00 -9999.00 -9999.00 -9999.00 8.04 7.77 7.42 10.38 15.57 173.23 25.22 14.45 23.22 31.08 93.11 83.54 163.57 280.87 187.65 61.75 28.03 0.00 32.02 63.72 96.72 155.08 132.62 122.28 195.02 170.80 183.56 62.62 36.08 154.50 133.28 36.69 0.76 -9999.00 4.37 -9999.00 -9999.00 -9999.00 176.51 266.02 281.60 334.07 430.90 390.93 341.29 224.73 237.11 236.94 261.81 306.83 277.55 314.41 332.97 196.47
-9999.00 -9999.00 -9999.00 -9999.00 -9999.00 -9999.00 -9999.00 -9999.00 -9999.00 -9999.00 46.33 69.15 42.00 30.63 3.52 2.92 6.68 14.38 44.53 126.78 179.62 16.27 19.86 41.34 27.97 28.51 33.56 76.54 209.57 41.67 1.69 32.66 49.20 15.53 32.37 33.18 47.94 59.94 115.27 171.47 153.09 62.29 49.46 61.01 178.66 241.02 174.45 161.44 230.23 173.75 11.69 95.42 335.32 352.90 269.39 194.56 209.95 385.75 318.97 129.28 -9999.00 -9999.00 7.68 30.58 103.73 97.78 203.79 313.89 356.65
-9999.00 -9999.00 -9999.00 -9999.00 -9999.00 -9999.00 -9999.00 -9999.00 -9999.00 -9999.00 -9999.00 22.51 30.85 16.06 17.77 10.07 4.29 15.62 140.76 264.25 172.16 51.48 33.40 68.75 61.03 8.34 0.94 20.56 23.63 3.76 39.30 54.16 104.07 96.01 41.58 7.60 13.90 21.56 29.24 30.47 29.77 29.63 26.66 37.58 110.45 197.83 272.41 168.81 206.45 286.16 309.94 250.07 268.90 142.49 17.22 14.20 -9999.00 161.82 294.52 102.19 -9999.00 -9999.00 20.63 14.07 10.63 11.74 17.82 192.60 299.14
