test_cases/Hunza_test_case/ice_properties_Hunza/ice_thickness_HKHK_wmean_Hunza.asc
ncols 211
nrows 139
xllcorner 74.0249999894040
yllcorner 35.9249999957280
cellsize 0.0083333333330
NODATA_value -9999
[rows 0 to 29 of 139, columns 0 to 68 of 211]
-9999.00 -9999.00 -9999.00 -9999.00 -9999.00 -9999.00 -9999.00 -9999.00 -9999.00 -9999.00 -9999.00 -9999.00 -9999.00 -9999.00 -9999.00 -9999.00 -9999.00 -9999.00 -9999.00 -9999.00 -9999.00 6.95 29.72 32.05 24.62 11.62 11.86 4.65 4.61 5.14 2.75 -9999.00 -9999.00 -9999.00 -9999.00 -9999.00 -9999.00 2.49 7.61 1.75 -9999.00 -9999.00 -9999.00 -9999.00 -9999.00 -9999.00 -9999.00 -9999.00 -9999.00 -9999.00 -9999.00 -9999.00 -9999.00 -9999.00 16.52 46.04 21.70 65.89 10.08 28.34 25.48 11.15 0.08 23.59 8.28 -9999.00 -9999.00 -9999.00 -9999.00
-9999.00 -9999.00 -9999.00 -9999.00 -9999.00 -9999.00 -9999.00 -9999.00 -9999.00 -9999.00 -9999.00 -9999.00 -9999.00 -9999.00 -9999.00 -9999.00 -9999.00 -9999.00 -9999.00 -9999.00 -9999.00 -9999.00 -9999.00 -9999.00 -9999.00 -9999.00 0.01 4.06 16.84 21.73 17.94 4.90 -9999.00 -9999.00 -9999.00 -9999.00 -9999.00 -9999.00 -9999.00 -9999.00 -9999.00 -9999.00 -9999.00 -9999.00 -9999.00 -9999.00 -9999.00 -9999.00 -9999.00 -9999.00 -9999.00 -9999.00 -9999.00 0.00 6.89 26.60 17.82 33.00 17.04 27.67 52.93 10.77 17.62 12.98 0.00 2.38 -9999.00 5.84 19.67
-9999.00 -9999.00 -9999.00 -9999.00 -9999.00 -9999.00 -9999.00 -9999.00 -9999.00 -9999.00 -9999.00 -9999.00 -9999.00 -9999.00 -9999.00 -9999.00 -9999.00 -9999.00 -9999.00 -9999.00 -9999.00 -9999.00 -9999.00 -9999.00 -9999.00 -9999.00 -9999.00 -9999.00 3.09 5.75 4.46 1.46 -9999.00 -9999.00 -9999.00 -9999.00 -9999.00 -9999.00 -9999.00 -9999.00 -9999.00 -9999.00 -9999.00 -9999.00 -9999.00 -9999.00 -9999.00 -9999.00 -9999.00 -9999.00 -9999.00 -9999.00 -9999.00 -9999.00 -9999.00 4.66 8.21 14.14 2.41 34.04 38.18 0.09 49.65 36.22 10.06 32.43 -9999.00 4.77 30.91
-9999.00 -9999.00 -9999.00 -9999.00 -9999.00 -9999.00 -9999.00 -9999.00 -9999.00 -9999.00 -9999.00 -9999.00 -9999.00 -9999.00 -9999.00 -9999.00 -9999.00 -9999.00 -9999.00 -9999.00 -9999.00 -9999.00 -9999.00 -9999.00 -9999.00 -9999.00 -9999.00 -9999.00 -9999.00 -9999.00 -9999.00 -9999.00 -9999.00 -9999.00 -9999.00 -9999.00 -9999.00 -9999.00 -9999.00 -9999.00 -9999.00 -9999.00 -9999.00 -9999.00 -9999.00 -9999.00 -9999.00 15.81 -9999.00 17.49 10.63 -9999.00 -9999.00 -9999.00 -9999.00 -9999.00 -9999.00 -9999.00 -9999.00 10.43 6.57 11.27 41.65 21.79 3.25 54.62 31.81 1.45 20.50
5.18 -9999.00 -9999.00 -9999.00 -9999.00 -9999.00 -9999.00 -9999.00 -9999.00 -9999.00 -9999.00 -9999.00 -9999.00 -9999.00 -9999.00 -9999.00 -9999.00 -9999.00 -9999.00 -9999.00 -9999.00 -9999.00 -9999.00 -9999.00 -9999.00 -9999.00 -9999.00 -9999.00 -9999.00 -9999.00 -9999.00 -9999.00 -9999.00 -9999.00 -9999.00 -9999.00 -9999.00 -9999.00 -9999.00 -9999.00 -9999.00 2.69 3.87 7.30 11.13 1.39 1.38 22.27 1.15 37.86 7.85 0.00 34.32 -9999.00 -9999.00 36.18 43.50 3.79 49.76 94.77 86.01 34.81 4.31 2.02 16.22 50.02 24.27 25.98 0.32
5.70 0.14 -9999.00 -9999.00 -9999.00 -9999.00 -9999.00 -9999.00 -9999.00 -9999.00 -9999.00 -9999.00 -9999.00 -9999.00 -9999.00 -9999.00 -9999.00 -9999.00 -9999.00 -9999.00 -9999.00 -9999.00 -9999.00 -9999.00 -9999.00 -9999.00 -9999.00 -9999.00 -9999.00 -9999.00 -9999.00 -9999.00 -9999.00 -9999.00 -9999.00 -9999.00 -9999.00 -9999.00 -9999.00 -9999.00 -9999.00 2.10 0.98 45.19 18.14 40.60 0.84 2.65 35.53 15.05 11.80 79.79 54.82 15.63 10.53 43.29 113.78 9.37 62.28 65.76 75.78 84.78 65.73 0.25 3.30 30.68 19.02 10.40 1.17
-9999.00 -9999.00 -9999.00 -9999.00 -9999.00 -9999.00 -9999.00 -9999.00 -9999.00 -9999.00 0.75 7.09 1.01 -9999.00 -9999.00 -9999.00 -9999.00 -9999.00 -9999.00 -9999.00 -9999.00 -9999.00 -9999.00 -9999.00 -9999.00 -9999.00 -9999.00 -9999.00 -9999.00 -9999.00 -9999.00 -9999.00 -9999.00 -9999.00 -9999.00 -9999.00 -9999.00 -9999.00 -9999.00 -9999.00 -9999.00 0.23 20.62 42.24 47.49 35.26 25.37 7.24 9.12 11.45 17.85 86.46 1.99 1.45 1.25 10.43 155.23 -9999.00 24.99 60.72 14.63 16.23 19.98 5.04 1.58 7.92 6.89 0.22 -9999.00
79.12 65.30 35.55 -9999.00 -9999.00 -9999.00 -9999.00 -9999.00 -9999.00 -9999.00 0.60 3.16 -9999.00 -9999.00 5.89 4.60 -9999.00 -9999.00 -9999.00 2.61 8.85 3.63 -9999.00 -9999.00 -9999.00 -9999.00 -9999.00 -9999.00 -9999.00 -9999.00 -9999.00 -9999.00 -9999.00 -9999.00 -9999.00 -9999.00 -9999.00 -9999.00 -9999.00 -9999.00 -9999.00 -9999.00 0.90 11.42 13.74 14.07 8.08 52.45 11.28 43.07 81.18 82.27 5.09 1.38 37.20 13.39 128.72 12.54 2.39 0.70 7.96 16.79 0.20 -9999.00 -9999.00 -9999.00 -9999.00 -9999.00 -9999.00
125.56 46.46 -9999.00 15.69 6.65 -9999.00 -9999.00 -9999.00 -9999.00 -9999.00 2.52 2.32 7.20 12.83 1.96 1.45 -9999.00 -9999.00 -9999.00 6.43 4.88 2.27 -9999.00 -9999.00 -9999.00 -9999.00 -9999.00 -9999.00 -9999.00 -9999.00 -9999.00 -9999.00 -9999.00 -9999.00 -9999.00 -9999.00 -9999.00 -9999.00 -9999.00 -9999.00 -9999.00 -9999.00 -9999.00 -9999.00 -9999.00 14.72 49.86 0.58 8.65 44.91 70.29 37.03 3.16 30.99 11.16 50.93 134.60 85.41 4.72 9.48 41.32 32.37 25.07 24.53 -9999.00 -9999.00 -9999.00 -9999.00 -9999.00
51.71 0.13 60.73 40.01 -9999.00 -9999.00 -9999.00 -9999.00 -9999.00 -9999.00 4.98 4.46 3.08 7.55 6.55 11.80 -9999.00 -9999.00 5.18 6.99 7.13 3.94 -9999.00 -9999.00 -9999.00 13.88 20.27 9.22 0.89 -9999.00 -9999.00 -9999.00 -9999.00 14.89 -9999.00 27.53 17.00 -9999.00 -9999.00 3.86 -9999.00 -9999.00 7.41 58.23 14.37 49.86 34.06 17.90 4.45 9.34 28.20 3.17 25.65 36.09 62.18 58.41 66.51 132.68 15.02 5.61 6.35 39.22 22.21 44.08 -9999.00 -9999.00 -9999.00 -9999.00 -9999.00
8.28 37.92 17.72 2.83 21.53 68.50 45.31 67.99 109.97 69.61 65.67 24.29 5.38 28.05 30.81 51.64 37.23 2.87 2.98 11.88 0.88 0.02 -9999.00 -9999.00 -9999.00 26.50 5.84 14.00 4.57 -9999.00 -9999.00 -9999.00 -9999.00 25.31 6.79 40.38 4.55 13.38 -9999.00 22.90 2.95 0.22 20.57 101.03 96.07 43.26 0.33 10.53 27.60 14.13 20.00 23.11 3.46 29.76 24.88 57.67 66.00 117.07 132.76 41.14 10.51 0.72 32.20 45.31 -9999.00 23.05 -9999.00 5.18 -9999.00
13.82 2.58 36.18 84.80 130.45 140.58 52.25 153.39 128.92 157.19 41.93 56.15 11.62 20.41 12.45 107.97 63.66 13.75 4.94 8.33 4.27 -9999.00 -9999.00 -9999.00 -9999.00 19.37 0.19 0.15 0.86 -9999.00 -9999.00 -9999.00 0.31 10.82 22.80 41.25 0.92 37.12 0.00 42.20 0.00 0.42 12.70 69.39 45.96 88.93 34.98 10.64 4.47 1.53 8.43 16.68 42.33 5.76 13.88 24.22 30.45 27.11 97.65 114.96 32.76 5.44 25.08 17.65 45.61 80.74 -9999.00 29.58 24.16
107.41 148.73 169.20 194.19 223.38 135.69 0.23 176.92 87.50 122.79 103.18 14.79 18.47 -9999.00 85.59 130.10 31.83 5.91 4.43 10.08 0.23 -9999.00 -9999.00 -9999.00 -9999.00 2.20 1.18 -9999.00 -9999.00 -9999.00 -9999.00 -9999.00 -9999.00 -9999.00 10.25 13.60 14.09 72.98 1.05 32.42 27.01 2.34 18.99 62.22 15.86 75.25 28.48 0.51 -9999.00 -9999.00 8.08 21.01 11.32 7.99 24.08 14.16 5.03 44.70 102.73 124.95 75.99 21.61 39.70 64.41 107.69 109.58 -9999.00 65.61 92.48
25.64 151.07 80.11 97.10 175.64 49.56 5.90 48.72 18.81 90.43 89.16 0.00 29.39 52.13 78.73 64.78 0.00 107.97 77.54 48.47 -9999.00 -9999.00 -9999.00 1.72 4.95 32.79 -9999.00 18.26 38.95 -9999.00 14.03 29.41 -9999.00 -9999.00 -9999.00 0.00 15.55 46.83 72.10 1.72 13.73 2.38 29.19 22.17 3.82 8.92 1.38 -9999.00 -9999.00 -9999.00 -9999.00 1.52 2.25 3.15 5.43 -9999.00 0.45 9.71 38.98 29.02 125.49 33.76 3.09 40.51 130.08 72.04 18.84 34.70 121.57
83.87 78.75 122.45 242.32 177.28 6.48 5.79 0.20 6.32 3.14 5.74 50.95 76.57 62.36 3.14 51.91 50.48 37.17 7.04 30.68 41.98 56.06 0.10 12.58 32.81 41.96 15.18 107.61 77.01 -9999.00 0.25 66.35 112.85 21.57 56.85 51.27 61.38 8.86 20.91 11.05 9.11 11.24 23.61 15.43 2.96 1.21 -9999.00 -9999.00 -9999.00 -9999.00 -9999.00 -9999.00 -9999.00 -9999.00 -9999.00 0.27 1.61 1.59 8.60 19.74 56.01 14.40 0.76 50.40 107.17 89.82 33.89 2.22 48.77
17.84 59.31 107.17 119.12 211.49 125.89 42.45 0.77 10.26 10.21 37.33 125.21 157.10 140.50 79.49 6.38 27.36 43.66 47.75 14.56 102.60 79.96 0.00 4.20 8.79 0.81 100.33 121.72 7.24 2.68 6.67 0.00 158.88 30.91 83.02 23.73 14.02 25.24 60.10 46.09 41.34 28.77 -9999.00 -9999.00 -9999.00 -9999.00 -9999.00 -9999.00 -9999.00 -9999.00 -9999.00 -9999.00 -9999.00 -9999.00 -9999.00 -9999.00 13.52 22.79 8.21 2.85 0.32 2.74 14.73 31.23 32.31 24.41 21.26 1.64 5.85
7.00 16.77 48.59 19.78 128.83 128.48 19.75 59.57 130.78 96.13 96.45 48.07 75.09 67.28 46.99 5.61 34.31 94.08 106.80 88.15 151.37 74.70 0.07 2.41 3.61 28.29 159.71 63.22 17.38 0.00 7.47 28.30 168.69 27.23 49.57 31.03 10.98 18.15 17.32 18.63 49.52 17.46 -9999.00 -9999.00 -9999.00 -9999.00 -9999.00 -9999.00 -9999.00 -9999.00 -9999.00 -9999.00 -9999.00 -9999.00 -9999.00 -9999.00 1.50 4.86 -9999.00 -9999.00 -9999.00 -9999.00 0.04 4.18 2.72 27.54 61.36 64.13 42.11
-9999.00 -9999.00 4.31 5.99 25.27 37.80 18.85 73.95 63.65 65.57 52.95 48.65 22.42 32.74 16.15 3.97 102.52 101.31 56.17 84.82 181.07 35.20 3.32 25.07 71.72 87.77 196.62 -9999.00 30.41 32.06 60.47 125.28 162.92 32.23 23.88 54.07 19.62 20.87 0.40 6.13 9.92 3.10 -9999.00 -9999.00 -9999.00 -9999.00 -9999.00 -9999.00 -9999.00 -9999.00 -9999.00 -9999.00 -9999.00 -9999.00 -9999.00 -9999.00 -9999.00 -9999.00 -9999.00 -9999.00 -9999.00 7.71 29.22 17.85 2.96 15.38 24.00 27.01 9.58
14.03 19.78 46.23 29.18 3.68 2.25 9.13 12.02 0.58 -9999.00 29.19 4.27 2.77 9.39 7.16 30.72 15.46 62.94 103.33 166.17 188.55 54.05 37.51 67.37 44.22 177.18 215.42 2.08 39.78 116.69 106.91 189.96 78.72 7.06 5.86 12.57 1.24 67.73 85.03 71.25 34.70 -9999.00 77.68 66.01 -9999.00 3.99 19.16 -9999.00 -9999.00 -9999.00 -9999.00 -9999.00 -9999.00 -9999.00 -9999.00 -9999.00 -9999.00 -9999.00 -9999.00 -9999.00 -9999.00 2.95 20.98 33.98 12.55 0.27 33.42 39.79 18.74
3.62 5.11 15.25 3.01 5.78 31.74 56.73 73.79 42.51 0.41 -9999.00 2.13 15.44 4.03 12.16 0.09 14.05 19.89 48.89 88.28 129.26 111.43 48.30 30.11 87.35 170.56 247.73 67.07 3.40 42.59 37.05 55.85 48.81 16.25 0.04 24.03 22.96 31.73 36.92 0.84 68.07 163.46 136.74 37.40 16.15 15.88 39.19 -9999.00 -9999.00 6.18 -9999.00 -9999.00 -9999.00 -9999.00 -9999.00 -9999.00 -9999.00 -9999.00 -9999.00 -9999.00 -9999.00 -9999.00 -9999.00 -9999.00 -9999.00 4.83 23.31 25.13 38.77
-9999.00 -9999.00 -9999.00 -9999.00 -9999.00 0.52 9.58 24.33 0.88 -9999.00 -9999.00 -9999.00 17.76 38.93 29.82 17.71 18.70 21.54 0.65 28.45 25.40 40.91 27.49 36.25 62.40 115.26 133.38 55.42 34.85 7.42 11.54 11.79 7.96 0.37 27.35 51.79 70.23 61.62 27.96 57.04 173.79 90.04 23.45 -9999.00 29.89 5.75 29.19 -9999.00 10.50 41.86 -9999.00 -9999.00 -9999.00 -9999.00 -9999.00 -9999.00 -9999.00 -9999.00 -9999.00 -9999.00 -9999.00 -9999.00 -9999.00 -9999.00 -9999.00 3.64 8.56 25.12 8.69
-9999.00 -9999.00 -9999.00 -9999.00 -9999.00 -9999.00 -9999.00 -9999.00 -9999.00 -9999.00 -9999.00 24.90 35.67 84.72 80.97 60.49 45.77 8.35 6.48 12.39 -9999.00 11.19 7.76 24.04 41.47 63.85 30.97 21.60 15.60 2.76 19.16 34.34 38.42 44.13 15.90 39.64 67.76 75.12 50.85 46.67 59.53 70.96 11.56 10.02 0.08 14.94 17.01 8.19 8.83 63.16 -9999.00 17.54 24.45 -9999.00 -9999.00 -9999.00 -9999.00 -9999.00 -9999.00 -9999.00 -9999.00 -9999.00 -9999.00 -9999.00 -9999.00 -9999.00 7.30 10.29 2.68
-9999.00 -9999.00 -9999.00 -9999.00 -9999.00 -9999.00 -9999.00 -9999.00 -9999.00 -9999.00 -9999.00 19.67 0.00 49.90 35.54 11.26 31.33 25.97 9.63 -9999.00 -9999.00 16.16 22.94 9.30 17.24 10.39 3.55 1.60 3.74 49.80 74.23 48.69 83.58 54.69 3.96 11.73 15.87 11.37 11.90 22.58 43.35 22.79 0.34 4.69 6.09 11.02 5.85 29.31 54.40 46.51 -9999.00 10.96 23.05 -9999.00 -9999.00 -9999.00 -9999.00 -9999.00 -9999.00 -9999.00 -9999.00 -9999.00 -9999.00 -9999.00 -9999.00 -9999.00 -9999.00 -9999.00 -9999.00
-9999.00 -9999.00 -9999.00 -9999.00 -9999.00 -9999.00 -9999.00 -9999.00 -9999.00 24.75 -9999.00 0.06 0.14 9.17 19.99 0.30 5.67 31.24 15.13 -9999.00 -9999.00 7.21 2.52 -9999.00 -9999.00 10.53 19.83 18.68 10.86 5.44 39.11 86.85 100.59 66.78 24.94 21.57 11.41 22.04 3.35 9.38 10.02 27.09 44.00 37.86 0.27 0.33 20.60 37.22 34.12 14.50 33.60 36.66 21.07 55.17 25.28 15.88 6.84 0.00 7.80 -9999.00 -9999.00 -9999.00 -9999.00 -9999.00 -9999.00 -9999.00 -9999.00 -9999.00 -9999.00
-9999.00 -9999.00 -9999.00 -9999.00 -9999.00 10.65 13.29 -9999.00 -9999.00 70.78 47.70 7.06 3.73 3.93 3.18 0.07 0.07 2.79 0.27 -9999.00 -9999.00 -9999.00 -9999.00 -9999.00 -9999.00 -9999.00 15.15 13.47 7.06 0.00 62.14 85.19 21.16 12.74 10.98 15.22 36.24 41.22 35.26 -9999.00 -9999.00 3.59 11.48 9.68 2.90 -9999.00 1.86 0.82 0.00 6.81 7.37 2.12 2.00 55.44 5.58 10.92 3.45 17.52 9.35 0.26 -9999.00 -9999.00 -9999.00 -9999.00 -9999.00 -9999.00 -9999.00 -9999.00 -9999.00
-9999.00 -9999.00 11.14 13.53 0.51 22.10 74.36 -9999.00 -9999.00 111.04 154.96 16.45 18.63 0.28 -9999.00 -9999.00 -9999.00 -9999.00 -9999.00 -9999.00 -9999.00 -9999.00 -9999.00 -9999.00 -9999.00 -9999.00 -9999.00 -9999.00 -9999.00 -9999.00 -9999.00 2.58 5.07 31.16 4.76 18.87 30.59 24.29 20.97 -9999.00 -9999.00 -9999.00 -9999.00 -9999.00 -9999.00 -9999.00 2.80 8.16 5.06 -9999.00 2.55 20.91 30.92 17.57 2.65 1.81 14.91 0.09 8.15 6.17 -9999.00 1.03 -9999.00 -9999.00 -9999.00 -9999.00 -9999.00 -9999.00 -9999.00
-9999.00 -9999.00 3.59 5.19 0.00 50.85 123.49 -9999.00 -9999.00 60.77 163.16 0.51 3.93 -9999.00 3.85 -9999.00 -9999.00 -9999.00 -9999.00 -9999.00 -9999.00 -9999.00 -9999.00 -9999.00 -9999.00 -9999.00 -9999.00 -9999.00 -9999.00 -9999.00 -9999.00 0.00 1.69 23.55 49.86 0.78 13.12 9.28 2.82 -9999.00 -9999.00 -9999.00 -9999.00 -9999.00 -9999.00 -9999.00 -9999.00 -9999.00 -9999.00 -9999.00 -9999.00 -9999.00 -9999.00 -9999.00 -9999.00 -9999.00 0.64 2.43 2.08 5.96 1.40 9.12 1.48 -9999.00 -9999.00 -9999.00 -9999.00 -9999.00 -9999.00
-9999.00 -9999.00 0.00 0.57 63.77 120.02 183.69 92.91 35.45 21.75 130.86 35.04 16.32 0.00 16.01 20.35 -9999.00 -9999.00 -9999.00 -9999.00 -9999.00 -9999.00 -9999.00 -9999.00 -9999.00 -9999.00 -9999.00 -9999.00 -9999.00 -9999.00 -9999.00 -9999.00 -9999.00 -9999.00 36.11 19.49 -9999.00 -9999.00 -9999.00 -9999.00 -9999.00 -9999.00 -9999.00 -9999.00 -9999.00 -9999.00 -9999.00 -9999.00 -9999.00 -9999.00 -9999.00 -9999.00 -9999.00 -9999.00 -9999.00 -9999.00 -9999.00 -9999.00 -9999.00 -9999.00 0.87 4.07 2.03 -9999.00 -9999.00 -9999.00 -9999.00 -9999.00 -9999.00
28.02 0.00 19.04 34.41 64.35 46.75 115.50 69.83 6.86 7.85 29.15 22.46 9.12 5.51 1.25 19.60 3.85 -9999.00 -9999.00 -9999.00 -9999.00 -9999.00 -9999.00 -9999.00 -9999.00 -9999.00 -9999.00 -9999.00 -9999.00 -9999.00 -9999.00 -9999.00 -9999.00 -9999.00 -9999.00 -9999.00 -9999.00 -9999.00 -9999.00 -9999.00 -9999.00 -9999.00 -9999.00 -9999.00 -9999.00 -9999.00 -9999.00 -9999.00 -9999.00 -9999.00 -9999.00 -9999.00 -9999.00 -9999.00 -9999.00 -9999.00 -9999.00 -9999.00 -9999.00 -9999.00 -9999.00 -9999.00 -9999.00 -9999.00 -9999.00 -9999.00 -9999.00 -9999.00 -9999.00
78.93 79.87 55.72 27.78 0.36 1.20 4.26 1.84 0.03 1.22 5.33 13.17 3.52 4.05 -9999.00 -9999.00 -9999.00 -9999.00 -9999.00 -9999.00 -9999.00 -9999.00 -9999.00 -9999.00 -9999.00 -9999.00 -9999.00 -9999.00 -9999.00 -9999.00 -9999.00 -9999.00 -9999.00 -9999.00 -9999.00 -9999.00 -9999.00 -9999.00 -9999.00 -9999.00 -9999.00 -9999.00 -9999.00 -9999.00 -9999.00 -9999.00 -9999.00 -9999.00 -9999.00 -9999.00 -9999.00 -9999.00 -9999.00 -9999.00 -9999.00 -9999.00 -9999.00 -9999.00 -9999.00 -9999.00 -9999.00 -9999.00 -9999.00 -9999.00 -9999.00 -9999.00 -9999.00 -9999.00 -9999.00
