test_cases/Hunza_test_case/terrain/hunza_dainyor_bridge_dem.asc
ncols 211
nrows 139
xllcorner 74.0249999999683
yllcorner 35.9249999999593
cellsize 0.0083333333333
NODATA_value -9999
[rows 37 to 73 of 139, columns 84 to 167 of 211]
4389 4524 4116 3845 3662 3476 3117 3021 3401 3639 3907 4339 4347 3860 3483 3208 3208 3491 4149 4569 4194 4566 4018 4414 4647 4363 4724 4702 4275 3827 3499 3927 3624 3433 3541 3845 4028 4053 4534 4275 4272 4701 5125 5318 5117 5075 5206 5516 5585 5628 5273 5042 5079 4801 4794 5008 5304 5717 5335 5189 5713 5439 5577 5385 5278 5817 5723 5572 5444 5291 5116 5119 4729 4613 4545 4356 4366 4388 4490 4590 4739 5055 5352 5637
4277 4638 4617 4362 4282 3860 3585 3128 3018 3234 3630 3868 3951 3795 3226 3208 3748 4022 4350 4893 5110 5003 4533 4836 5342 5207 5196 4824 4250 3644 3700 4398 4135 3797 3433 3433 3510 3741 4007 3747 4426 4572 4529 5044 4630 4565 4978 5489 5771 5549 5355 5192 5034 5123 4871 5184 5272 5528 5886 5931 5329 5357 5425 5397 5615 5700 5614 5593 5451 5176 5068 4918 4740 4773 5006 4788 4669 4910 4668 5116 4909 4739 4961 5345
3823 3939 4070 4342 3983 3712 3415 3499 3241 3018 3018 3310 3427 3174 3081 3344 3737 4217 4392 4781 5141 5268 5171 4770 5283 5461 5049 4487 4005 3644 4071 4624 4481 4311 4063 3807 3570 3510 3510 3630 3785 3870 4248 4569 4178 4472 5011 5323 5258 5309 5624 5840 5571 5295 5009 5244 5570 5912 5568 5454 5321 5164 5056 4981 5133 5191 5360 5286 5407 5500 5197 4913 5195 4971 5301 5150 4770 5130 4909 5308 5246 5032 4773 5002
3742 4037 4172 4404 4406 4355 4103 3965 3715 3536 3172 2924 2924 3081 3482 3449 3344 3542 3996 4367 4698 4952 5257 5283 5528 5220 4797 4566 4004 3779 4486 4971 4732 4576 4265 4158 4013 3807 3679 3588 3588 3588 3815 4011 3905 4448 4688 4714 4697 5077 5590 5571 5491 5351 5498 5864 5915 5890 5768 5551 5444 5592 5389 5020 4820 4745 4804 4853 4789 4871 5005 5152 5397 5117 5537 5198 4941 5086 5032 5345 5430 5087 4946 4878
3167 3390 3715 3690 3894 4233 4264 4402 4414 4097 3513 2924 3099 3406 3343 3740 4033 3805 3646 3781 4128 4428 4689 4992 5621 5219 4709 4396 4137 3831 4527 5028 5079 4504 4682 4273 4333 4394 4008 4253 3828 3674 3588 3588 3659 3743 4125 4559 5021 5343 5143 4999 5263 5610 5828 5479 5559 6006 5624 5439 5302 5182 5166 5046 4776 4726 4633 4548 4457 4457 4494 4785 5098 5329 5696 5278 5067 5093 5145 5384 5580 5388 5145 5193
3075 3075 3086 3171 3650 3791 3643 4098 4025 3626 3242 2924 3286 3273 3692 3918 4130 4335 4320 4436 4358 4210 4362 4735 5108 5506 5109 4735 4159 3933 4287 4852 5114 5030 4680 4543 4533 4663 4607 4221 4374 4213 4023 3763 3588 3588 4068 4416 4578 4893 4630 4676 5205 5310 5186 5233 5457 5703 5534 5573 5480 5251 5108 5187 5090 4892 5062 5097 4726 4608 4457 4357 4680 5053 5702 5472 5317 5189 5526 5265 5407 5490 5320 5337
3525 3291 3075 2983 2983 3142 3314 3532 3763 3141 2923 3490 3610 3902 3903 3819 4308 4791 5040 4962 4939 4884 4718 4547 4730 5054 4977 4549 4715 4306 4026 4515 5019 5600 5182 5119 4950 4688 4571 4867 4746 4574 3963 3833 4038 3641 3588 3713 4133 4457 4191 4720 4867 4620 4587 4866 5314 5750 5754 6036 5687 5574 5308 5184 5284 5484 5073 4948 5106 5101 4714 4261 4579 5117 5400 5531 5637 5645 5413 6019 5785 5735 5637 5678
3494 3986 3478 3373 3130 2983 2983 3019 3235 3049 2923 3175 3417 3581 3989 4370 4374 4333 4259 4439 4533 4854 4898 5035 5262 5222 4823 4859 4886 4464 4208 4172 4686 5039 5573 5546 5303 5231 4816 5241 4980 4460 4063 4290 4519 4223 3983 3694 3694 3694 4059 4244 4481 4196 4746 4951 5357 5243 5091 5387 5628 5534 5590 5685 5413 5274 5433 5134 5533 5356 4929 4411 4261 4817 4747 5018 5081 5406 5217 5408 5384 5117 5173 5266
4037 4134 3924 3888 3720 3623 3270 2983 2983 3134 2905 2965 3166 3448 3617 3913 3720 3716 3671 3823 3932 4121 4509 5056 5556 5083 5004 5181 4849 4550 4424 4192 4207 4663 4903 5394 5742 5466 5157 5346 4759 4410 4282 4862 5010 4521 4257 4190 3985 3709 3694 3694 3906 4148 4504 4771 4849 4791 4698 5029 4928 5380 5418 5782 5733 5549 5347 5682 5353 5148 4743 4674 4184 4186 4280 4444 4591 4834 4765 4785 4887 4991 5254 5584
4006 4602 4484 4240 4177 4084 3811 3378 2983 3007 2805 2907 3020 3183 3315 3347 3476 3671 3808 3923 3975 4068 4068 4232 4719 5146 5566 4927 4887 5185 4820 4448 4222 4207 4607 5054 5103 5636 5984 5389 4667 4471 4533 5077 5197 4622 4782 4526 4231 4185 3951 3694 3694 3904 4014 4131 4376 4476 4439 4649 4490 4828 4874 5324 5054 5187 4976 5199 5321 5266 4760 4404 4184 4683 4632 4728 4667 4715 4821 5116 5022 5123 5215 5391
4858 4781 4919 4815 4632 4093 3714 3609 3094 2983 2856 2805 2873 2974 3046 3273 3529 3917 4291 4269 4671 4670 4370 4132 4424 4720 4861 5267 5301 5505 4994 4801 4660 4239 4260 4643 5173 5263 5518 5668 5187 4785 4633 4769 5426 5301 4946 4738 4374 4468 4236 4043 3923 3699 3699 3699 3911 4010 4083 4045 4143 4237 4668 4689 4533 4673 4567 4602 4878 5109 4773 4184 4227 4826 5117 5226 4929 5006 4946 5349 5195 5247 5556 5515
5300 4885 4571 4374 4230 4043 3546 3496 3623 3466 3091 2805 2863 2851 3127 3186 3345 3636 4139 4458 4580 4887 4753 4704 4758 4840 4746 4851 5041 5080 5479 5025 4717 4392 4331 4309 4729 4954 5327 5782 5813 5107 4796 4896 5007 5521 5266 4699 5021 4346 4674 4471 4278 4162 3928 3699 3699 3699 3699 3723 3772 3905 4129 3995 3946 4028 4179 4206 4464 4774 4244 4065 4449 4977 5133 5605 5102 5142 5124 5488 5326 5649 5591 5644
4722 4365 4100 3912 3801 3776 3823 3967 3973 3744 3509 3043 2805 2786 3061 3139 3310 3541 3808 4114 4500 4934 4709 4851 5048 5287 5195 5081 5316 5202 5259 5261 4927 4965 4494 4309 4579 4862 5003 5205 5577 5418 4914 5373 5356 5506 5705 5428 4994 4520 4907 4498 4684 4720 4145 3699 4265 4304 4171 4091 3844 3772 3800 3900 3958 3946 3946 3946 3972 4483 3946 4332 4784 5054 5288 5654 5220 5201 5516 5327 5355 5272 5541 5697
4515 4377 4418 4533 4379 4034 4105 3955 3569 3203 3035 3035 2920 2786 2859 3139 3267 3600 4006 4240 4585 4485 4195 4409 4946 4989 5007 5174 5272 5293 5614 5248 5031 4848 4810 4436 4421 4649 4757 4965 5179 5408 5165 5746 6009 5573 6009 5418 4709 4734 4782 5031 4995 4627 4058 3875 4359 4845 4735 4609 4038 4003 4417 4569 4737 4742 4256 4214 3946 3946 4196 4647 4845 4882 5027 5051 5539 5442 5433 5170 5037 5339 5150 5458
4840 5096 5281 4958 4598 4435 4304 3868 3203 3268 3522 3630 3060 2786 2786 3051 3202 3389 3715 4225 4567 4231 3842 4297 4598 4365 4431 5019 4681 4910 5078 5365 5476 5333 4976 4634 4549 4673 5229 5328 5421 5608 5275 5575 5537 5750 5981 5692 5304 5358 5085 5209 4684 4459 3893 4201 4646 5083 5169 4681 4012 4254 4677 4966 5463 4849 4520 4874 4352 4110 4057 4057 4106 4163 4420 4738 4931 4792 4922 5340 4757 4747 4993 5170
5319 5091 5177 5035 4830 4610 4015 3295 3521 3952 4136 3931 3368 2840 2786 3029 3244 3305 3630 4105 4144 3672 3608 3973 3952 3872 4335 4290 4646 4804 4740 5266 5721 5487 5336 5011 4631 4619 5017 5227 5698 5764 5636 5411 5050 5142 5188 5246 5091 5111 5341 5214 4819 4334 3920 4465 4725 5233 4958 4372 4146 4686 5098 4818 5275 4987 4667 4917 4409 4330 4301 4214 4156 4181 4163 4163 4219 4357 4905 4911 4705 4492 4888 4591
4835 4774 4612 4584 4242 3918 3698 3991 4433 4633 4018 3622 3261 2927 2786 3033 3298 3295 3841 3633 3594 3360 3576 3310 3301 3524 4018 3797 4098 4465 4688 4936 5292 5612 5299 4913 4835 4699 4752 4887 5116 5158 5244 5184 5159 4939 4762 4764 4780 4703 4943 4594 4329 4025 4203 4708 5177 5193 4746 4194 4554 5037 5234 5458 5177 4899 5156 4722 4452 4551 4649 4835 4658 4393 4420 4226 4198 4198 4213 4372 4261 4202 4203 4203
4790 4663 4470 4264 4107 4014 4255 4788 5357 4892 4424 4017 3811 3154 2786 2973 3330 3161 3187 3030 3030 3120 3120 3269 3454 3430 3490 3818 4117 4439 4586 4911 5464 5439 5315 5465 5137 4761 4782 5301 5181 5193 5250 5230 4611 4596 4685 4665 4344 4281 4281 4281 4281 4402 4138 4689 5177 4973 4635 4223 4898 5362 5522 5396 5396 5038 5153 5145 4573 4859 4846 5282 4710 4602 5021 4704 4408 4313 4198 4198 4202 4290 4272 4203
5486 5399 5301 4935 4572 4479 4527 4270 4574 4488 4663 4452 4020 3387 2788 2786 2802 2893 3030 3376 3525 3319 3579 3706 3865 3456 3824 3544 3802 4017 4434 4754 5090 5458 5603 5257 5013 5104 5008 4940 5249 5968 6122 5783 4997 4503 4446 4414 4371 4333 4297 4497 4613 4796 4204 4545 5012 5114 4624 4286 4710 5225 5737 5366 5410 5741 5417 5201 4720 4885 5489 5214 4769 4830 5233 4683 4851 4711 4247 4594 4730 4783 4855 4364
5239 5021 4987 4838 5150 4875 4507 4019 3720 3765 4263 4741 4428 3629 3107 2793 2786 2819 3151 3768 4122 3724 4039 3957 4026 3559 3859 4014 3838 3813 3899 4396 4673 4963 5639 5477 5606 5918 5697 5521 5444 5979 6862 6197 5610 5041 4708 4601 4601 4745 4494 4717 5174 4650 4409 4433 4960 5398 5021 4454 4503 5005 5354 5893 5491 5190 5079 4940 4824 5276 5891 5344 4859 5073 5106 4710 5292 4696 4391 4434 5067 5151 4866 4555
4850 4609 4714 4247 4117 4055 4196 4036 3474 3328 3698 4300 4247 4097 3916 3473 2786 2863 3532 3961 4386 4121 4464 4532 4045 3736 4039 4474 4309 4118 4084 4212 4702 5027 5258 5397 5628 5407 5749 5792 5947 5928 6113 6231 5608 5535 5353 5307 4900 4879 4682 4903 5185 4699 4651 4409 4619 5060 5544 4900 4454 4803 5357 5769 5817 5827 5422 5054 5329 5899 5481 5028 5012 5309 4937 5272 4946 5053 4622 4391 4804 5388 5049 4704
4082 4032 4256 3906 3694 3575 3677 3750 3587 3054 3654 3871 3866 3390 3267 2786 2786 3247 3670 4485 4734 4420 4947 4461 3948 3903 4205 4689 4796 4685 4274 4500 4396 4771 5059 4954 5046 5172 5250 5540 5401 5586 5463 5363 5626 5302 5290 5253 5485 4958 4914 5014 5244 5065 4766 4517 4604 4824 5117 4752 4535 4489 5039 5263 5474 5724 5282 5179 5594 5271 5191 5517 5414 5106 5160 5267 5371 4943 4766 4405 4722 5111 5213 4832
4078 3726 3584 3411 3235 3123 3022 3004 3319 3110 3054 3375 3186 2786 2786 2824 2976 3612 4065 4438 5142 5283 4715 4345 4009 4183 4515 4981 4826 4448 4405 4686 4685 4607 4776 4952 5154 5222 5412 5227 4920 5052 5075 5600 5154 5017 4916 5250 5620 5265 5407 5445 5559 5469 5142 4849 4721 5085 5195 4749 4996 4607 4524 4826 5365 5232 5792 5783 5866 5839 5476 5324 5280 5454 5461 5257 5249 5196 4810 4456 4906 5507 5210 4973
5099 4705 4344 3841 3770 3778 3643 3043 2761 2750 2786 2786 2786 2786 2881 3125 3507 4096 4744 4692 5455 5898 4971 4510 4146 4456 5035 4702 4579 4598 4840 4765 4584 4793 4883 4572 4532 4619 4910 4865 4623 4500 4953 5243 5430 5116 4821 4696 5278 5430 4947 5178 5114 5579 5781 5155 4886 4981 5373 4897 5172 5099 4752 4609 4858 5213 5288 5720 5780 5555 5750 5647 5465 5372 5630 5220 5069 4951 4677 4599 5102 5551 5312 5117
4808 4428 4661 4767 4401 3648 3277 2756 2750 3051 3492 3152 3108 3249 3551 3676 3655 4102 4535 4849 5203 5696 5288 4408 4281 4677 5045 4881 5081 5171 4777 4243 4121 4450 4463 4026 4071 4282 4811 4636 4081 4258 4866 5062 5202 5349 5263 4774 4475 4994 4826 4772 4849 5301 5629 5041 5271 5214 5373 5047 5004 5112 4828 4948 4707 4804 5070 5484 5324 5372 5638 5756 5369 5259 5177 5177 5156 4911 4681 4980 5528 5836 5348 5222
4042 4053 4067 4542 4572 3783 3308 2772 2750 3372 3945 3864 4082 4498 4476 4518 4403 4159 4241 4428 4742 5173 5317 5218 5284 5599 5344 5222 5229 4664 4281 3987 3828 4041 4180 3677 3915 4482 4720 4206 3778 4280 4706 4651 4800 5146 5452 4974 4542 4379 4676 5345 5346 4974 5111 5546 5683 5730 5638 5534 5225 5093 5036 5042 5041 4990 4850 4986 5205 5363 5536 5548 5558 5700 5520 5237 4978 4808 4775 5081 5281 5515 5399 5685
3437 3512 3899 4348 4579 4125 3566 3035 2750 2789 3328 3803 4266 4767 5222 5053 5066 5263 5171 5271 5253 5234 4942 5138 5658 5638 4998 4639 4929 4664 4117 3572 3332 3646 3706 3392 4080 4301 4214 3699 3605 4292 4059 4305 4612 5121 5635 5205 4743 4266 4360 4911 5494 5354 5367 5446 5764 5518 5309 5228 5322 5559 5273 5226 5155 5635 5173 4977 5110 5344 5597 5595 5273 5414 5117 4972 4869 4916 5105 5163 5272 5499 5307 5105
3199 3208 3621 4124 3999 4288 3873 3313 2818 2750 2750 3314 4076 4658 4319 4085 4719 4559 4359 4629 4586 4386 4511 5258 5323 5543 4611 4263 4338 4354 4213 3674 3048 3183 3155 3406 3779 3505 3489 3131 3702 4000 3840 4201 4563 5036 5141 5383 4989 4555 4102 4433 4887 5713 5862 5165 5100 5221 4953 5104 5025 5007 5320 5435 5409 5802 5190 5100 5117 5502 5606 5402 5139 4957 4977 5014 5286 5318 5119 5185 5332 5371 5204 4991
3210 3182 3168 3396 3471 3534 3981 3837 3390 3125 2750 2950 3503 3840 3630 3658 4035 3920 3744 3764 4095 3949 4535 4596 5550 5503 4720 4151 3792 3801 4141 3681 3219 2871 2871 2871 2966 2966 2966 3046 3590 3366 3835 4379 4771 4922 4720 5131 5109 4566 4031 4288 4576 5084 5246 4761 4867 5445 5507 4953 4554 5049 4986 5135 5485 5430 5382 5565 5232 5438 5245 4918 4799 4773 5349 5116 5412 5365 5432 5674 5619 5427 5456 5031
3194 3178 3165 3135 3122 3108 3178 3529 3816 3290 2750 2750 2750 2811 2835 2754 2850 2961 2952 3185 3488 3434 4260 4929 5386 5150 5078 4781 4000 3482 3808 3338 2924 2871 2871 2871 2976 3260 3178 2966 2966 3303 3655 3900 4145 4202 4504 5038 5008 4526 3946 4202 4605 5055 4628 4292 4953 5188 4918 5415 4532 4416 5022 5578 5375 4953 5009 5171 5099 5338 5184 4846 4576 4742 5083 5385 5519 5353 5063 5044 5065 4993 5240 5337
3241 3152 3148 3139 3120 3100 3082 3060 3320 3554 3294 2967 2750 2750 2726 2640 2602 2634 2687 2708 2893 3246 4094 4752 4992 4582 4582 4509 3979 3198 3049 2871 2871 3068 2898 3138 2871 3004 3378 3297 3049 2966 2967 3362 3739 4239 4645 4955 4664 4138 3634 4044 4662 4728 4188 3860 4160 4533 4735 5184 4518 4416 4890 5072 5144 5113 4579 4822 5328 5277 5213 5159 4576 4615 4721 4982 5251 4941 4851 4733 4685 4872 4746 4849
3741 3335 3164 3124 3112 3091 3059 3048 3041 3000 3222 3490 3447 3398 2819 2670 2602 2602 2602 2604 2630 3114 3685 4090 4178 4206 3807 3680 3135 2871 2871 2943 2871 3214 3496 2994 3575 3239 3004 3318 3723 3189 2966 2981 3395 3859 4331 4521 4336 3737 3503 4116 4661 4703 4097 3499 3898 3770 4131 4005 3740 4090 4733 4751 4288 4409 4547 5209 5117 4855 4753 4643 4559 4431 4770 5076 5134 4890 4804 5136 4823 4617 4541 4489
4163 3897 3810 3562 3341 3286 3052 3031 3010 2998 2960 2927 2855 2834 2791 2650 2602 2602 2602 2602 2602 2835 3075 3367 3450 3718 3328 2729 2763 3234 3391 3193 3223 3611 3959 3222 3523 3793 3213 3004 3499 3711 3316 2966 3026 3582 3847 3980 3903 3223 3569 3968 4113 4181 3872 3424 3232 3345 3399 3230 3255 3751 4058 3794 4075 4524 4786 5337 5150 5109 5001 4870 4671 4364 4541 4947 5283 5347 5043 5313 5067 5074 5007 4913
4567 4552 4422 4288 3965 3845 3465 3288 3054 2990 2933 2908 2889 2858 2886 3192 2952 2606 2602 2602 2602 2694 2694 2713 3162 3061 2729 2729 3212 3823 3923 3317 3272 3707 3830 3269 3716 4109 3572 3084 3267 3900 3756 3189 2966 2966 3175 3292 3458 3372 3154 3414 3298 3204 3134 3049 2986 2986 2986 2986 2986 3270 3367 4051 4352 4778 5033 5512 5438 5531 5467 5301 4723 4618 4243 4363 4861 5297 5296 4991 4716 4806 4636 4734
4247 4269 4320 4335 4452 4423 4166 3866 3630 3502 3274 3104 3056 3164 3121 3164 3232 2602 2602 2602 2602 2773 3145 2694 2694 2729 3126 3486 3780 4100 3978 3272 3631 4164 4057 3364 3820 4149 3828 3260 3192 3873 4261 3733 3260 3034 2966 2966 2966 2966 2966 2986 2986 2986 2986 2986 2986 3016 3069 3087 3134 3030 3456 3791 3877 4299 4832 4937 5031 5611 5105 4967 5272 5015 4311 4141 4267 4573 4999 4917 4515 4517 4349 4674
4246 4158 4143 4112 4062 4176 4231 4290 4301 4129 3948 3754 3768 3758 3391 3037 3364 3034 2602 2602 2602 2602 2965 3296 3127 3481 4009 4186 4588 4563 4028 3312 3781 4317 3944 3488 3894 4148 4246 3472 3234 3762 4349 4165 3878 3683 3440 3429 3341 3424 3413 3350 3276 3465 3459 3543 3280 3265 3222 3156 3249 3030 3160 3523 3783 4153 4645 4358 5006 4956 5359 5376 4956 4895 4939 4299 4070 4174 4453 4718 4608 4155 4232 4578
4409 4163 4123 4099 4023 3970 3876 3797 3915 3985 3870 3978 3782 3610 3720 3301 2930 3283 3400 2786 2602 2602 2970 3323 3558 3871 3809 4095 4567 4747 4004 3605 4059 4370 3922 3645 3996 4227 4372 3701 3307 3691 4260 4813 4351 4236 4074 3827 3625 3918 4050 3705 3586 4170 4221 4178 3824 3748 3363 3226 3269 3030 3088 3372 3635 3954 4193 4247 4712 4449 4854 5015 5244 4910 4331 4295 4036 4424 4788 4537 4191 3824 3956 4349
