test_cases/Hunza_test_case/terrain/hunza_dainyor_bridge_dem.asc
ncols 211
nrows 139
xllcorner 74.0249999999683
yllcorner 35.9249999999593
cellsize 0.0083333333333
NODATA_value -9999
[rows 0 to 36 of 139, columns 84 to 167 of 211]
-9999 -9999 -9999 -9999 -9999 -9999 -9999 -9999 -9999 -9999 -9999 -9999 -9999 -9999 -9999 -9999 -9999 -9999 -9999 -9999 -9999 -9999 -9999 -9999 -9999 -9999 -9999 -9999 -9999 -9999 -9999 -9999 -9999 -9999 -9999 -9999 -9999 -9999 -9999 -9999 -9999 -9999 -9999 -9999 -9999 -9999 -9999 -9999 -9999 -9999 -9999 -9999 -9999 -9999 -9999 -9999 -9999 -9999 -9999 -9999 -9999 -9999 -9999 -9999 -9999 -9999 -9999 -9999 -9999 -9999 -9999 -9999 -9999 -9999 -9999 -9999 -9999 -9999 -9999 -9999 -9999 -9999 -9999 -9999
-9999 -9999 -9999 -9999 -9999 -9999 -9999 -9999 -9999 -9999 -9999 -9999 -9999 -9999 -9999 -9999 -9999 -9999 -9999 -9999 -9999 -9999 -9999 -9999 -9999 -9999 -9999 -9999 -9999 -9999 -9999 -9999 -9999 -9999 -9999 -9999 -9999 -9999 -9999 -9999 -9999 -9999 -9999 -9999 -9999 -9999 -9999 -9999 -9999 -9999 -9999 -9999 -9999 -9999 -9999 -9999 -9999 -9999 -9999 -9999 -9999 -9999 -9999 -9999 -9999 -9999 -9999 -9999 -9999 -9999 -9999 -9999 -9999 -9999 -9999 -9999 -9999 -9999 -9999 -9999 -9999 -9999 -9999 -9999
-9999 -9999 -9999 -9999 -9999 -9999 -9999 -9999 -9999 -9999 -9999 -9999 -9999 -9999 -9999 -9999 -9999 -9999 -9999 -9999 -9999 -9999 -9999 -9999 -9999 -9999 -9999 -9999 -9999 -9999 -9999 -9999 -9999 -9999 -9999 -9999 -9999 -9999 -9999 -9999 -9999 -9999 -9999 -9999 -9999 -9999 -9999 -9999 -9999 -9999 -9999 -9999 -9999 -9999 -9999 -9999 -9999 -9999 -9999 -9999 -9999 -9999 -9999 -9999 -9999 -9999 -9999 -9999 -9999 -9999 -9999 -9999 -9999 -9999 -9999 -9999 -9999 -9999 -9999 -9999 -9999 -9999 -9999 -9999
-9999 -9999 -9999 -9999 -9999 -9999 -9999 -9999 -9999 -9999 -9999 -9999 -9999 -9999 -9999 -9999 -9999 -9999 -9999 -9999 -9999 -9999 -9999 -9999 -9999 -9999 -9999 -9999 -9999 -9999 -9999 -9999 -9999 -9999 -9999 -9999 -9999 -9999 -9999 -9999 -9999 -9999 -9999 -9999 -9999 -9999 -9999 -9999 -9999 -9999 -9999 -9999 -9999 -9999 -9999 -9999 -9999 -9999 -9999 -9999 -9999 -9999 -9999 -9999 -9999 -9999 -9999 -9999 -9999 -9999 -9999 -9999 -9999 -9999 -9999 -9999 -9999 -9999 -9999 -9999 -9999 -9999 -9999 -9999
-9999 -9999 -9999 -9999 -9999 -9999 -9999 -9999 -9999 5292 5021 5034 4986 5108 -9999 -9999 -9999 -9999 -9999 -9999 -9999 -9999 -9999 -9999 -9999 -9999 -9999 -9999 -9999 -9999 -9999 -9999 -9999 -9999 -9999 -9999 -9999 -9999 -9999 -9999 -9999 -9999 -9999 -9999 -9999 -9999 -9999 -9999 -9999 -9999 -9999 -9999 -9999 -9999 -9999 -9999 -9999 -9999 -9999 -9999 -9999 -9999 -9999 -9999 -9999 -9999 -9999 -9999 -9999 -9999 -9999 -9999 -9999 -9999 -9999 -9999 -9999 -9999 -9999 -9999 -9999 -9999 -9999 -9999
-9999 -9999 -9999 -9999 -9999 -9999 -9999 -9999 5213 5100 4959 4879 4719 4977 -9999 -9999 -9999 -9999 -9999 -9999 -9999 -9999 -9999 -9999 -9999 -9999 -9999 -9999 -9999 -9999 -9999 -9999 -9999 -9999 -9999 -9999 -9999 -9999 -9999 -9999 -9999 -9999 -9999 -9999 -9999 -9999 -9999 -9999 -9999 -9999 -9999 -9999 -9999 -9999 -9999 -9999 -9999 -9999 -9999 -9999 -9999 -9999 -9999 -9999 -9999 -9999 -9999 -9999 -9999 -9999 -9999 -9999 -9999 -9999 -9999 -9999 -9999 -9999 -9999 -9999 -9999 -9999 -9999 -9999
5237 -9999 -9999 -9999 -9999 -9999 -9999 -9999 5556 5287 5074 5094 4703 4865 5335 -9999 -9999 -9999 -9999 -9999 -9999 -9999 -9999 -9999 -9999 -9999 -9999 -9999 -9999 -9999 -9999 -9999 -9999 -9999 -9999 -9999 -9999 -9999 -9999 -9999 -9999 -9999 -9999 -9999 -9999 -9999 -9999 -9999 -9999 -9999 -9999 -9999 -9999 -9999 -9999 -9999 -9999 -9999 -9999 -9999 -9999 -9999 -9999 -9999 -9999 -9999 -9999 -9999 -9999 -9999 -9999 -9999 -9999 -9999 -9999 -9999 -9999 -9999 -9999 -9999 -9999 -9999 -9999 -9999
5218 5451 -9999 5347 5289 -9999 5161 5300 5392 5285 5253 4828 4642 5096 -9999 -9999 -9999 -9999 -9999 -9999 -9999 -9999 -9999 -9999 -9999 -9999 -9999 -9999 -9999 -9999 -9999 -9999 -9999 -9999 -9999 -9999 -9999 -9999 -9999 -9999 -9999 -9999 -9999 -9999 -9999 -9999 -9999 -9999 -9999 5215 5332 -9999 -9999 -9999 -9999 -9999 -9999 -9999 -9999 -9999 -9999 -9999 -9999 -9999 -9999 -9999 -9999 -9999 -9999 -9999 -9999 -9999 -9999 -9999 -9999 -9999 -9999 -9999 -9999 -9999 -9999 -9999 -9999 -9999
5146 5462 5189 5107 5071 5575 5209 4917 5046 4883 4836 4621 4734 5070 5021 -9999 -9999 -9999 -9999 -9999 -9999 -9999 -9999 -9999 -9999 -9999 -9999 -9999 -9999 -9999 -9999 -9999 -9999 -9999 -9999 -9999 5192 -9999 -9999 -9999 -9999 -9999 -9999 -9999 5399 5440 -9999 -9999 5219 5060 5246 5232 -9999 -9999 -9999 -9999 -9999 -9999 -9999 -9999 -9999 -9999 -9999 -9999 -9999 -9999 -9999 -9999 -9999 -9999 -9999 -9999 -9999 -9999 -9999 -9999 -9999 -9999 -9999 -9999 -9999 -9999 -9999 -9999
5379 5144 5093 5170 4901 5077 5296 4995 4631 4366 4203 4203 4336 4555 4869 -9999 -9999 -9999 -9999 -9999 -9999 -9999 -9999 -9999 -9999 -9999 -9999 -9999 -9999 -9999 -9999 -9999 -9999 -9999 -9999 4922 5110 5303 5228 5360 -9999 -9999 -9999 5076 5007 5171 5443 5273 5302 4956 5139 5175 5407 -9999 -9999 -9999 -9999 -9999 -9999 -9999 -9999 -9999 -9999 -9999 -9999 -9999 -9999 -9999 -9999 -9999 -9999 -9999 -9999 -9999 -9999 -9999 -9999 -9999 -9999 -9999 -9999 -9999 -9999 -9999
5328 5230 4950 4824 4663 4800 4945 4705 4274 4203 4509 4647 4370 4400 4446 4900 -9999 -9999 -9999 -9999 -9999 -9999 -9999 -9999 -9999 -9999 -9999 -9999 -9999 -9999 -9999 -9999 -9999 5046 5138 4820 4719 4729 4977 5018 5310 5400 5205 5167 5051 4804 4893 5283 5245 4900 5126 5340 5386 -9999 -9999 -9999 -9999 -9999 -9999 -9999 -9999 -9999 -9999 -9999 -9999 -9999 -9999 -9999 -9999 -9999 -9999 -9999 -9999 -9999 -9999 -9999 -9999 -9999 -9999 -9999 -9999 -9999 -9999 -9999
5530 5321 5218 5045 4598 4559 4570 4354 4155 4495 4815 4838 5023 4644 4519 4551 -9999 -9999 -9999 -9999 -9999 -9999 -9999 -9999 -9999 -9999 -9999 -9999 5401 5067 5283 5209 5022 4857 4740 4636 4508 4473 4669 4779 4937 5417 5590 5307 5094 5236 4739 4835 5056 4813 5108 5295 5534 5541 -9999 -9999 -9999 -9999 -9999 -9999 -9999 -9999 -9999 -9999 -9999 -9999 -9999 -9999 -9999 -9999 -9999 -9999 -9999 -9999 -9999 -9999 -9999 -9999 -9999 -9999 -9999 -9999 -9999 -9999
4887 5561 5167 4954 4895 4914 4373 4100 4338 4792 5180 4944 4983 4766 4571 4584 4977 -9999 -9999 -9999 -9999 -9999 -9999 -9999 -9999 5150 4879 5085 5012 5177 4861 4776 4821 5101 5284 4852 4590 4336 4530 4712 5086 5312 5504 5274 5215 5018 4952 4657 4627 4677 4703 4897 5021 5237 5416 5231 -9999 -9999 -9999 -9999 -9999 -9999 -9999 -9999 -9999 -9999 -9999 -9999 -9999 -9999 -9999 -9999 -9999 -9999 -9999 -9999 -9999 -9999 -9999 -9999 -9999 -9999 -9999 -9999
4902 5222 4973 4765 4702 4713 4139 4100 4566 4603 4951 5129 5145 4875 4727 4656 4754 5268 -9999 -9999 -9999 -9999 -9999 5350 5071 5026 4919 4737 5045 4835 4972 4836 4585 4962 5003 4604 4199 4448 4823 4852 4838 5074 5244 5454 5451 5317 4806 4768 4899 4627 4577 4550 4594 4781 5060 5256 5517 5341 -9999 -9999 -9999 -9999 -9999 -9999 -9999 -9999 5442 5431 5241 5206 -9999 -9999 -9999 -9999 -9999 -9999 -9999 -9999 -9999 -9999 -9999 -9999 -9999 -9999
4695 4918 5250 4880 4634 4114 4090 4399 4958 4988 4796 5289 5522 5569 4995 4689 4735 4981 -9999 -9999 -9999 -9999 -9999 5247 5056 4871 4730 4588 4562 4467 4467 4510 4603 4726 4658 4185 4378 4819 4640 4879 5101 5021 5292 5397 5284 4923 4876 5191 5257 5154 4830 4904 4550 4384 4668 4954 4961 5341 5521 5439 5401 -9999 5405 5552 5376 5410 5100 4982 4982 5314 5172 -9999 -9999 -9999 -9999 -9999 -9999 -9999 -9999 -9999 -9999 -9999 -9999 -9999
4401 4758 4527 4258 4090 4090 4313 4746 4640 4791 5218 5512 5778 6105 5194 4982 4787 4808 5147 -9999 -9999 -9999 -9999 5188 5390 5010 4861 4729 4699 4747 4489 4199 4137 4137 4237 4058 4624 4940 5105 4856 4950 5088 5222 5486 5298 5154 5309 5558 5281 5409 5010 5258 4925 4516 4318 4620 4949 5390 5543 5430 5183 5481 5161 5369 5056 4795 4694 4694 4814 5007 4979 5154 5194 5519 5430 5528 -9999 -9999 -9999 -9999 -9999 -9999 -9999 -9999
3845 4136 3995 3995 4131 4292 4265 4612 4972 5388 5655 6031 5648 5891 5889 5340 4961 4841 4926 5068 -9999 -9999 -9999 5367 5334 5284 5122 4991 4782 4647 4496 4528 4545 4279 3955 4196 4495 4812 4920 4969 5268 5544 5329 5297 5431 5437 5243 5531 5170 5239 5448 5213 5280 4855 4318 4332 4655 5108 5373 5526 5311 5060 4914 4916 4410 4289 4324 4410 4410 4435 4573 4753 4976 5134 5148 5166 5317 5499 -9999 5730 5410 -9999 -9999 -9999
3729 3729 4023 4350 4358 4677 4711 4355 4539 4646 4827 5380 5060 5173 5198 5605 5453 5281 5200 5148 -9999 -9999 -9999 5296 5067 5024 5309 5076 4867 5027 5098 5093 4988 4502 3955 4150 4565 4848 5064 5311 5278 5570 5075 5233 5282 5134 5028 5220 5120 4966 4947 5374 5114 4904 4556 4135 4384 4869 4856 5114 5094 4652 4641 4329 4204 4693 4802 5072 4770 4904 4751 4608 4637 4755 4888 4998 5062 5133 5224 5293 5399 5643 -9999 -9999
3814 4408 4793 4829 4904 4695 4720 5042 4654 4722 4759 4868 4983 5100 5414 5340 5257 5630 5255 5162 5277 5339 5188 5226 5257 4922 4960 5369 5449 5265 5180 4892 4473 4362 3995 3925 4258 4506 4849 5068 5373 5082 4948 5224 5568 5161 4986 4775 4736 4606 4806 5098 5289 5115 4758 4497 4048 4394 4733 4989 4574 4380 4157 4183 4553 4927 5296 5296 4904 5278 5176 4943 4826 4811 5061 5398 5266 5170 5246 5676 -9999 -9999 -9999 -9999
3916 4618 5124 5318 5623 5666 5497 5427 5426 5026 4864 5035 5216 5175 5260 5141 5215 5362 5628 5140 5052 5008 5096 5188 4939 4902 4734 4803 5295 5230 4841 4668 4520 4392 4135 3912 4217 4580 4896 5037 5321 5390 4858 5029 5442 5551 5055 4874 5031 4769 4461 4551 4870 5343 4969 4663 4427 3982 4363 4318 4067 4156 4487 4711 4438 4879 5363 5257 5053 5126 5325 5157 5171 4918 5241 5298 5512 5263 5261 5469 -9999 -9999 -9999 -9999
4107 4116 4536 4851 4941 4906 4970 5063 5449 5775 5572 5187 5211 5076 5166 5079 4963 5212 5299 5660 5434 5052 4886 4729 4582 4540 4426 4658 4825 5194 5253 4864 4715 4514 4204 3912 4074 4288 4566 4838 5263 5466 4968 4725 5122 5395 5336 5087 5230 4856 4534 4305 4613 4978 5129 4808 4450 3949 3942 4067 4309 4891 5013 4849 4774 4646 5176 5406 5162 5542 5375 5325 5165 5028 5227 5794 6023 5537 5353 5528 -9999 -9999 -9999 -9999
4437 4245 4305 4348 4657 5064 5210 5496 5090 5215 5367 5218 5114 5093 4754 4762 4948 5002 5105 5335 5218 5154 5068 5144 5043 4722 4386 4204 4694 4693 5077 5185 4959 4652 4484 3912 3963 4162 4676 4687 4958 5528 5067 4527 4881 5234 5615 5626 5380 5110 4890 4509 4148 4385 4592 4348 3844 3942 4387 4847 4942 4802 5236 4976 4824 4833 4974 5225 5463 5703 5547 5427 5176 5120 5222 5320 5504 5631 5786 5713 -9999 -9999 -9999 -9999
4565 4947 4820 4606 4586 4625 4736 4955 4947 5013 5275 5189 5457 5491 4660 4545 4891 4807 4891 5041 5128 5405 5147 4868 4695 4356 4186 3927 4217 4620 4596 4713 5003 4721 4288 4138 3771 4033 4099 4519 4899 5424 4884 4379 4625 5097 5273 5079 4957 4816 5173 4920 4597 4079 3882 3844 3971 4583 4497 4935 5250 5479 5520 5096 4936 5320 4993 5325 5225 5712 5446 5577 5317 5192 5237 5371 5754 5621 5597 5497 5438 -9999 -9999 -9999
4292 4671 5410 5106 5189 4930 4759 4831 4908 5279 5129 5042 5257 4974 4599 4446 4445 4585 4853 5378 5266 5370 5274 4876 4669 4831 4439 3899 3829 4106 4088 4518 4452 4897 4718 4278 3771 3885 4343 4698 5102 4992 4625 4212 4475 4728 4715 4578 4588 4354 4712 4475 4115 3750 3844 4338 4565 4886 4602 4715 4916 5161 5323 5161 5530 5292 5296 5355 5285 5359 5769 5394 5296 5506 5348 5369 5600 5644 5714 5572 5393 5263 5370 -9999
4380 4933 5438 5117 5291 5108 5572 5773 5465 4994 5002 4767 4884 5141 5091 4702 4292 4428 4956 4964 5209 5202 5198 5047 4978 5013 4592 4192 3859 3545 3690 3836 4340 4441 4304 4465 3973 3618 4122 4661 4549 4725 4544 3995 4514 4401 4323 4194 4279 3990 4072 3997 3750 3926 4445 4859 5100 5447 5491 5137 4932 5184 5547 5681 5399 5558 5338 5450 5800 5522 5395 5678 5452 5738 5582 5474 5577 5570 5398 5355 5397 5164 5150 5441
4557 5001 4896 4952 4917 5149 5245 5343 5008 4925 4585 4868 5374 5309 5390 5110 4459 4240 4633 5000 5513 5383 5116 4908 4758 4671 4310 4150 3817 3721 3545 3552 3895 3802 3695 3894 3916 3520 4010 4480 4216 4236 4077 3798 4209 3831 3706 3738 3738 3738 3738 3750 3780 3865 4427 4691 4721 4922 4943 5312 5127 5442 5287 5448 5717 5407 5535 5172 5344 5633 5235 5494 5698 5428 5603 5523 5357 5438 5784 5244 5431 5295 5031 5310
4085 4448 4530 4717 5165 5503 5000 4768 4669 4442 4684 4980 5231 5159 5150 4742 4553 4229 4267 4681 4994 5411 5266 5204 4887 4597 4306 4123 4157 4243 3923 3545 3520 3520 3520 3520 3520 3635 3609 3686 3765 3685 3685 3685 3685 3685 3727 3798 3918 3738 4300 4465 4295 3891 3865 3958 4163 4591 4642 4726 4803 5192 5411 5319 5344 5269 5108 4969 4866 5102 5078 5318 5594 5247 5213 5447 5417 5175 5441 5199 5120 5250 4884 5043
4687 4497 4631 4803 5291 5411 4902 4502 4306 4445 4781 5088 5274 5111 5010 4773 4936 4546 4012 4702 5162 5519 5314 5167 5115 4521 4404 4737 4308 4039 3798 3520 3664 4017 3697 3717 3604 3629 3609 3685 3685 3685 3836 3753 4079 4229 3800 4455 4399 3862 3998 4602 4632 4388 4246 4048 3958 3958 4244 4294 4573 4786 4865 4867 4935 5084 5177 5135 4703 4797 4874 4987 5272 5173 4991 5081 5152 5040 5103 5062 4920 4973 4880 4736
4754 4879 5342 5728 4982 5107 4778 4223 4200 4692 5135 4988 5378 5038 4961 4775 4439 3890 4221 4649 4961 5457 5194 5135 4893 5081 4733 4345 4061 3801 3520 3888 4282 4496 4314 4047 4022 4210 3977 4312 4089 4270 3994 4021 4469 4293 3956 4505 4662 4386 3911 4133 4642 4879 4687 4291 3958 4067 3958 3958 4127 4246 4401 4392 4700 4594 4834 4729 4456 4754 4929 5019 5294 5311 5144 4964 4901 4961 4969 4951 4886 4758 4729 4687
4441 5127 5661 5098 5052 4589 4497 3992 4244 4474 4664 5175 5531 5003 4460 4427 3850 3808 4397 4847 5065 5516 5516 5482 5264 5027 4962 4490 4175 3659 3520 3873 4207 4610 4685 4234 4341 4650 4423 4626 4723 4475 4137 4321 4833 4473 4135 4504 5064 4634 4272 3958 4346 4821 4932 4583 4411 4132 4270 4265 3958 3958 3968 4034 4098 4133 4307 4247 4504 4689 4913 5246 5313 5088 5059 4880 4666 4661 4569 4569 4569 4629 4679 4831
4513 4909 4852 5287 4846 4337 4180 3880 4320 4981 5152 5285 5353 4923 4248 3846 3642 4201 4671 4930 5251 4956 4939 4842 4901 4755 4296 4060 3619 3404 3569 3968 4084 4734 4922 4409 4669 5084 4658 4841 4897 4499 4351 4629 4976 4644 4315 4620 5183 4718 4602 4147 4238 4726 5145 4721 4762 4560 4378 4346 4467 4338 4180 4083 4093 4093 4093 4093 4093 4205 4552 4853 4985 5066 4952 4676 4381 4464 4781 4779 4569 4891 5028 5092
3982 4371 4484 4676 5046 4594 4092 3816 4199 4674 5306 5058 5128 4560 3973 3642 3813 4408 4883 5032 4758 4661 4373 4375 4416 4461 4394 3863 3404 3672 3973 4526 4637 4827 5223 4693 4708 4995 5153 5200 4780 4546 4488 4834 5270 4801 4512 4628 5138 4986 4596 4403 4147 4490 4983 4853 4895 4879 4670 4500 4448 4824 4613 4715 4720 4329 4366 4297 4417 4093 4093 4252 4520 4517 4381 4381 4583 4901 5321 5012 4667 4841 5074 5346
3451 3729 4064 4217 4527 4476 3807 3745 4126 4518 5164 5036 4596 4642 3975 3423 3880 4572 4803 4464 4206 4034 3924 3895 4008 3823 3711 3727 3404 3814 4391 4692 4815 4794 4947 4834 5025 5065 5309 5024 5067 4628 4787 5253 5267 4827 4594 4744 5301 4842 4967 4638 4188 4545 5001 5001 5038 5308 5146 4820 4603 4690 5202 5051 4602 4418 4839 4462 4723 4595 4484 4162 4162 4195 4442 4554 4862 4994 5503 5110 4761 4859 5069 5252
3154 3154 3403 3697 3972 3950 3410 3809 4230 4730 5295 4988 4503 4178 3919 3410 3980 4560 4464 3976 3782 3629 3571 3557 3518 3563 3784 3632 3404 3927 4033 4039 4089 4150 4517 5031 5190 5275 5635 5339 4960 4749 4946 5536 5263 5054 4719 5007 5047 5121 4924 4738 4324 4512 5038 5086 5319 5582 5106 4714 4675 4694 5063 5091 4769 4591 5054 4609 4877 4995 4891 4507 4343 4162 4765 5115 4789 5310 5254 5149 5148 4940 5236 5585
3553 3270 3142 3149 3364 3410 3456 4024 4470 4681 4813 5138 4767 4335 4146 3410 3497 3821 3679 3637 3534 3457 3208 3208 3388 3349 3349 3420 3404 3433 3433 3452 3758 4244 4647 4793 4879 5372 5420 5348 4991 5047 5072 5227 5232 4971 4846 5180 5333 5259 5223 4882 4457 4467 4894 5364 5261 5593 5069 4801 5122 4929 5290 5297 4923 4772 4977 4883 5319 5095 4820 4982 4577 4162 4507 4974 5101 5103 5630 5435 5186 5028 5382 5679
4172 3818 3378 3142 3095 3145 3481 3729 4068 4248 4483 4958 4935 4846 4486 3907 3208 3337 3208 3208 3208 3208 3418 3575 3349 3619 3420 3349 3421 3487 3449 3433 3433 3767 4262 4081 4682 5137 5463 5365 5528 5151 5563 5734 5255 5184 4966 5433 5225 5118 4884 4765 4656 4529 4904 5365 5445 5622 5051 4936 5322 5077 5475 5704 5149 4889 5113 5072 5460 5036 5254 4853 4577 4266 4343 4849 5192 5173 5511 5729 5243 5171 5290 5380
4318 3958 3791 3656 3284 3095 3095 3442 3560 3976 4250 4438 4600 4357 3924 3538 3208 3208 3496 3851 3560 3895 3549 4176 3892 4039 4074 3990 4174 4121 3499 3524 3433 3588 3625 4241 4628 4736 4840 4890 4854 5009 5384 5772 5528 5440 5705 5454 5379 5085 5017 5206 4967 4711 4816 5279 5707 5479 5256 5050 5505 5200 5362 5519 5107 5152 5354 5168 5449 5425 5582 5021 4811 4459 4266 4635 4793 4977 5094 5120 5428 5271 5444 5503
