test_cases/Hunza_test_case/terrain/hunza_dainyor_bridge_dem.asc
ncols 211
nrows 139
xllcorner 74.0249999999683
yllcorner 35.9249999999593
cellsize 0.0083333333333
NODATA_value -9999
[rows 74 to 110 of 139, columns 84 to 167 of 211]
4801 4702 4657 4463 4425 4128 3813 3785 3728 3589 3509 3442 3300 3209 3112 2998 2920 2921 2982 2697 2602 2602 2602 2602 2819 3223 3551 3936 4413 4588 3917 3887 4454 4544 3959 3753 4009 4337 4442 3855 3357 3690 4296 4812 5104 4550 4609 4015 4158 4352 4435 3772 3798 4365 4643 4532 4510 4028 3494 3305 3289 3157 3030 3030 3193 3527 3640 4079 4235 4301 4354 4537 4630 4669 4277 3887 4431 4636 4812 4810 4316 3821 3726 4104
5428 5314 5141 5374 5054 4561 4499 4250 4071 3822 3607 3506 3298 3162 3132 2930 2887 2683 2602 2602 2602 2602 2602 2602 2602 3066 3570 3911 4453 4417 3892 4057 4624 4703 4112 3849 4048 4499 4616 3951 3430 3583 4050 4545 5144 5127 4690 4246 4660 4660 4490 3926 4110 4711 5106 4904 4421 3962 3518 3361 3528 3817 3463 3152 3030 3030 3119 3373 3546 3906 3805 4000 4108 4157 4039 3657 4313 4771 4758 4389 3799 3447 3534 3534
5851 5272 4964 4801 4777 4518 4670 4531 4335 4317 4278 4159 3914 3846 3704 3313 2860 2779 2823 2607 2602 2602 2602 2602 2709 3099 3414 3899 4712 4554 3892 4300 4823 4879 4291 3935 4119 4569 4782 4262 3667 3523 3967 4491 4956 5365 4858 4585 4966 4674 4616 4201 4477 4897 5377 4833 4343 3946 3714 3422 3496 4088 4053 3670 3514 3240 3132 3119 3119 3194 3325 3433 3389 3516 3566 3422 3778 3951 4246 4167 3447 3740 3993 3927
5156 5055 4594 4413 4131 3995 4059 3986 3765 3601 3575 3557 3602 3714 3411 2944 2665 2751 2602 2602 2602 2602 2606 2700 2879 3268 3705 4313 4976 4305 4000 4474 4987 4866 4259 3999 4147 4605 5048 4490 3883 3609 3903 4350 4768 5332 5829 5449 5590 5324 4699 4400 4685 4894 5193 4892 4766 4408 3886 3480 3482 4022 4433 4255 3823 3874 3643 3319 3157 3226 3194 3194 3194 3194 3194 3194 3210 3359 3694 3735 3315 3821 4228 4474
4454 4315 4061 3856 3622 3325 3223 3186 3117 3084 3051 3018 2970 3110 3116 2866 2643 2613 2602 2602 2602 2759 2791 3327 3642 3840 4266 4827 4805 4190 4183 4712 5225 4860 4397 4060 4228 4713 5116 4480 3934 3685 3881 4431 4782 4976 5567 5972 5644 5198 4781 4554 4784 5019 5417 5072 4629 4195 4006 3565 3572 4109 4642 4545 4223 4055 4210 3655 3705 3555 3467 3359 3218 3194 3194 3194 3194 3194 3194 3194 3468 3821 4342 4737
4560 4487 4392 4273 3916 3636 3465 3270 3228 3213 3169 3023 2943 2917 2858 2822 2733 2734 2602 2689 3131 3291 3341 3122 3605 4100 4637 5290 4748 4206 4364 4833 5385 4875 4337 4138 4261 4778 5297 4748 4078 3753 3811 4475 4943 5182 5358 5387 5365 5566 5148 4680 4807 5046 5565 5212 4916 4516 4027 3670 3660 4119 4644 4910 4674 4664 4135 4112 3713 4014 4135 4116 3481 3927 3759 3513 3252 3194 3194 3194 3384 3714 4043 4371
5273 5205 5254 5019 4626 4000 3859 3743 3644 3408 3347 3340 3392 3497 3307 2966 2665 2621 2602 2602 3315 3946 4051 3694 3872 4406 4938 5229 4750 4299 4511 5082 5566 4992 4408 4210 4362 4910 5330 4753 4271 3853 3978 4488 4568 4759 4928 4979 5121 5824 6070 5143 5510 5223 5003 5125 4766 4230 3835 3744 3737 4017 4415 4856 5274 4880 4507 4524 4131 4185 4678 4119 3861 4318 4353 4016 3878 3490 3194 3287 3194 3509 3797 4093
5775 5694 5181 4912 4564 4175 3873 3758 3856 3627 3453 3262 3089 3067 3155 2921 2620 2602 2602 2837 3220 3730 4322 4370 4258 4623 5056 5139 4744 4395 4605 5027 5582 5059 4428 4276 4453 5018 5306 4773 4279 3934 3950 4216 4523 4734 4953 5371 5981 6196 5576 5097 5186 5280 4840 4605 4259 4041 3983 3894 4270 4364 4274 4487 4771 5198 5150 4597 4257 4632 4587 4152 4264 4522 4663 4590 4251 4079 3561 3325 3297 3194 3475 3746
6664 6553 6134 5768 5483 5077 4445 4233 4204 4291 4049 3791 3436 3130 2838 2749 2624 2602 2602 3099 3603 3980 4274 4937 4907 5146 5678 5234 4768 4484 4653 5041 5400 4926 4475 4333 4567 5180 5531 4873 4444 4215 3994 4042 4383 4967 5518 6071 6241 5765 5115 4807 4750 4608 4401 4240 4156 4093 4104 4239 4738 4885 4573 4460 4818 4920 5058 4797 4523 4932 5145 4463 4651 4701 5096 4930 4566 4200 3787 3385 3406 3210 3587 3965
6153 5807 5833 5955 6063 5784 5611 5036 4724 4657 4135 3795 3438 3250 2831 2641 2602 2602 2855 3499 3864 4158 4668 4661 5121 5088 5344 4955 4700 4530 4909 5075 5258 4686 4381 4405 4646 5128 5968 5578 5379 4942 4346 4107 4286 4994 5559 6034 6215 5425 5109 5066 4589 4356 4308 4311 4589 4347 4235 4599 5111 5539 4846 4794 5215 5565 5312 4749 4902 5112 5152 4720 4748 5190 5034 4805 4278 3819 3505 3476 3386 3320 3229 3693
5617 5293 5163 5199 5435 5156 5189 5266 4845 4530 4176 3614 3644 3547 2885 2602 2602 2602 2938 3634 4098 4214 4128 4405 4607 4844 5411 5403 4778 4650 4714 4972 5455 4789 4493 4571 4910 5491 6367 6445 5831 5007 4471 4177 4225 4835 5346 5887 6452 5678 5762 5746 5155 4893 4870 4945 4498 4488 4552 4874 5226 5253 5673 5496 5267 5640 5365 5194 5604 5381 5039 4996 5162 5021 4856 4323 3935 3516 3560 3600 3664 3281 3249 3254
5207 5027 4842 4812 4756 4732 5060 5059 4755 4374 4062 4245 4080 3642 2966 2602 2602 2602 2950 3470 3694 3542 4044 4531 4802 5049 5272 5474 5574 5343 5249 5551 5378 4920 4769 5124 5688 5993 6318 5663 5602 5340 4765 4241 4248 4857 5364 5780 6477 6528 6511 6535 6132 5696 5558 5036 4628 4654 4739 5003 5082 5480 5629 6212 5916 6118 6095 5587 5151 5054 5206 5427 4995 4555 4561 4252 3691 3596 3571 3990 4163 3786 3401 3274
4911 4684 4469 4520 4524 4766 5221 5122 4994 4714 4467 4609 4167 3639 3171 2613 2602 2602 2838 2911 3043 3255 3717 3995 4268 4704 4986 5100 5383 5429 5992 5893 5682 5590 5669 5789 6066 6266 5881 5267 5002 4880 4665 4326 4310 4766 5180 5478 5965 6502 7054 6804 6320 6535 6279 5712 5055 5082 5429 5255 5176 5330 5704 5725 5659 5965 5836 6095 5651 5264 4867 4928 4902 4761 4263 3946 3626 3646 3776 4220 4520 4220 3935 3602
4898 4449 4103 4345 4733 4840 4636 4594 4991 5033 4977 4380 4047 3614 3125 2602 2602 2602 3011 3510 3895 3653 3466 3782 4210 4554 4878 4999 5203 5495 5330 5664 6462 6482 6312 6436 6579 6827 6122 5442 5011 4923 4861 4483 4377 4546 4792 5196 5657 6366 6646 6900 6267 6262 6293 6084 5719 5514 5797 5584 5243 5330 5430 5515 5629 5730 5926 5677 5519 5314 5186 4774 4348 3983 3856 3705 3682 3734 4265 4506 4603 4519 4423 4151
4278 4223 3850 4359 4772 4578 4308 4292 4529 4416 4708 4763 4133 3733 3402 2633 2602 2602 2886 3354 3881 4321 4032 3770 4051 4563 4736 4937 5052 5017 5131 5923 6124 6427 6974 6813 6810 6582 6476 6195 5976 5735 5279 4617 4471 4497 4982 5312 5815 6236 6362 6845 6281 6143 6052 5919 5755 5751 5777 5732 5357 5378 5423 5475 5600 5769 6273 5450 5063 5125 4887 4665 4374 4086 3764 3743 3922 4193 4503 4945 4897 5196 4741 4667
4173 3652 3572 4240 4162 4590 4145 3982 3975 4140 4082 4307 4346 3757 3366 2892 2602 2602 2783 3384 3902 4497 4707 4600 4244 4415 4663 4719 4839 5119 5423 5475 5887 6336 5838 5732 6434 5919 5735 5551 5362 5028 4851 4638 4520 4540 4764 5262 6059 5981 5953 6341 6633 6430 6218 6067 5841 5999 6030 5990 5703 5424 5459 5475 5532 5638 6107 5992 5156 4534 4526 4595 4176 3847 3819 4005 4329 4637 4814 5338 5549 5464 5177 4850
3951 3708 3307 3762 3853 4162 4019 3626 3430 3652 3660 3817 4014 3800 3597 3149 2647 2602 2904 3375 3723 3964 4456 5179 5244 5436 5107 4860 4901 5065 5183 5797 6145 5716 5440 5582 6490 6197 5784 5586 5218 5010 4779 4813 4817 4722 4765 5339 5818 5872 5755 5794 6011 6634 7318 7197 6736 6383 6330 6407 6206 6160 5861 5732 5733 5727 5775 5660 4924 4515 4227 4070 3926 3901 4029 4449 4843 4936 5295 5807 5589 5242 5012 4879
3617 3369 2787 3329 3542 3534 3687 3389 3180 3237 3162 3294 3537 3139 2770 2602 2602 2602 2602 3068 3706 4085 4389 4665 4883 5013 5140 5572 5600 5545 5740 5398 5642 5238 5359 5932 6809 7113 6566 6110 5753 5482 5454 5049 4924 5016 5053 5106 5533 5641 5722 6094 6286 6792 7210 7402 7664 7420 7110 6845 6626 6716 6661 6527 6360 5841 5432 5359 4681 4181 4124 4057 4016 4268 4571 4552 4988 5439 5596 5507 5017 4664 4507 4423
2851 2876 2466 2748 2793 2867 3079 2747 2513 2526 2551 2602 2957 2602 2602 2602 2641 2910 3229 2757 3063 3617 3916 4169 4391 4488 5118 5629 6256 5836 5438 5244 5153 5155 5467 5940 6763 6746 6405 6372 6299 5785 5374 5186 5135 5178 5141 5179 5521 5701 6095 6727 6594 6276 6355 6412 6740 6857 7211 6899 6847 7168 7154 6655 6390 5562 4943 4938 4437 4331 4253 4116 4324 4767 5040 5410 4968 5044 5217 5680 5399 4744 4436 4094
2268 2268 2268 2268 2268 2478 2558 2476 2476 2517 2578 2638 2602 2602 2638 2759 3370 3523 3755 3856 3424 3195 3357 3644 3893 4637 5334 5990 6260 5705 5203 5039 5050 5157 5435 5780 6609 6278 5938 5952 6521 5844 5788 5450 5623 6013 5836 6089 6378 6647 6637 6046 5481 5515 5554 5782 5812 6178 6668 6989 7106 6955 6651 5984 6009 5836 5393 4863 4473 4472 4718 4229 4233 4730 5217 5536 5545 5880 6160 5586 5246 5104 4445 3959
2289 2444 2570 2717 2627 2391 2476 2667 2859 3016 3291 3084 2986 2837 3058 3357 3738 4061 4065 4552 4264 4216 4029 3777 3930 4193 4641 5307 5529 5247 4908 4968 5221 6043 6249 6206 5939 5691 5761 5940 5867 6607 6593 6562 6663 7023 6550 6567 6714 6292 5554 5289 5141 5116 5125 5318 5381 5573 6029 6444 6700 6513 6215 5907 5887 5473 5275 4623 4601 4646 4952 4445 4286 4602 5075 5490 5501 6119 6108 5359 5030 4879 4478 3868
2670 2921 2877 3093 3086 2944 2987 3021 3405 3566 3738 3552 3427 3507 3675 3841 4114 4595 4779 4521 5079 5186 4955 4603 4497 4699 5019 5440 5151 4914 4820 4909 5163 5798 6183 5647 5480 5469 5672 5674 5766 6579 7353 7365 6890 6508 5911 5604 5770 5737 5386 4916 4812 4838 4971 5084 5108 5276 5604 6308 6459 6293 5754 5726 5862 5708 5037 4706 4643 4662 5193 4632 4369 4645 4886 5057 5604 6160 5800 5280 4798 4435 4047 3928
2372 2372 2600 3051 3340 3534 3606 3581 4021 4134 4248 4173 3895 3701 3500 3489 3578 3825 4193 4527 4702 4650 4917 5226 5473 5582 5719 5875 5246 4806 4772 5396 5311 5475 6189 5622 5249 5307 5462 5714 6556 6706 6832 6573 5955 5386 5122 4794 4923 4947 5204 5081 4712 4672 4736 4865 4895 5255 5622 5921 6283 6300 5629 5610 5719 5849 5690 4840 4714 4716 5215 4859 4429 4506 5027 5499 5289 5608 5231 5044 4972 4544 3994 3994
2461 2393 2372 2609 2859 3235 3501 3734 4005 3886 3626 3334 3134 3134 3287 3462 3755 3797 3797 3797 3921 4001 4235 4542 4969 5165 5597 5717 5063 4692 4796 5698 6601 6376 5762 5161 5168 5266 5866 6225 6452 6482 6646 6689 5841 5188 4770 4551 4508 4761 5121 4963 4693 4615 4637 4760 5130 5355 5771 5967 6073 6159 5791 5544 5489 5749 5111 4865 4729 4747 5195 5358 4679 4550 4607 4730 4866 5588 5232 4630 4496 4376 4044 4040
2888 2652 2409 2372 2509 2887 2998 3325 3179 2943 2943 2967 3351 3618 3955 4105 4341 4585 4457 4421 4246 4161 4156 4203 4337 4535 4853 5126 5108 4612 4874 5831 5764 5478 5351 5057 5091 5650 5273 5187 5796 6548 6704 6292 6141 5575 5044 4609 4440 4454 4933 4948 4769 4564 4610 4802 5319 5967 6591 6238 6098 6082 6085 5673 5446 5358 5193 5144 4903 4863 5418 5540 4891 4730 4739 5069 5445 5878 6120 5498 4419 4211 4121 4358
3531 3180 2581 2471 2372 2372 2575 2793 2575 2958 3385 3622 4004 4175 4376 4661 4931 4684 4625 4765 4664 4726 4494 4294 4259 4335 4375 4415 4482 4544 4842 5149 4994 5161 5090 4939 4950 5053 5088 5156 5265 5803 6364 5984 5558 5164 4901 4704 4402 4368 4412 4453 4475 4525 4712 5130 5112 5566 6347 6905 6382 6062 6021 6035 5781 5284 5262 5241 5407 5590 5982 6218 5620 5404 5389 5943 6403 6774 7028 6465 5529 4457 4221 4382
3355 2893 2587 2556 2457 2897 2591 2575 2663 2748 2889 3086 3251 3637 4054 4345 4717 4755 4971 5119 4896 4852 5028 4751 4625 4689 4482 4434 4468 4513 4548 4635 4706 4733 4860 4885 4968 4998 5239 5884 6068 5949 5315 4980 5162 4885 4516 4300 4328 4366 4413 4433 4471 4517 4709 4878 4923 5523 6324 6782 6756 6210 5956 5920 5829 5523 5472 5696 6156 6289 6269 6275 6242 6425 6535 6468 6839 6878 6619 5971 5502 4913 4561 4640
3134 3013 2895 2574 2517 2679 3017 2907 2717 2723 2723 2723 2940 3276 3590 4004 4070 4121 4370 4498 4441 4297 4509 4668 4865 4871 4966 5051 5044 5049 4826 4980 4995 4962 5040 5202 5630 6020 6199 6416 5881 5327 5025 4746 4682 4979 4474 4288 4297 4351 4719 4627 4495 4548 4780 4859 5118 5451 6425 6506 6634 6145 5918 5880 5764 5714 5707 5944 5990 6053 6112 6156 6201 6236 6295 6494 6747 6407 5961 5790 5378 5164 4898 5063
3424 3370 3048 2774 2720 2587 2723 3145 3273 3155 2986 2770 2723 2723 3152 3407 3489 3530 3720 3857 3971 3855 4019 4191 4251 4498 4451 4385 4806 5106 5104 5144 5393 5709 5800 5822 5638 5363 5363 5869 5753 5450 5379 4720 4444 4373 4258 4258 4259 4962 5537 5178 4650 4646 4868 5041 5615 6142 6601 6442 6366 6190 6083 6124 6110 5812 5868 5910 6015 6356 6255 5938 6004 6235 6263 6562 6853 6726 5997 5541 5336 5310 5723 5736
3806 3505 3160 2932 2737 2666 2661 2824 2904 2937 3215 3300 3057 2723 2723 2733 2855 2997 3162 3114 3232 3394 3464 3656 3634 4017 4005 4326 4403 4604 4490 4852 5119 4954 4951 5199 5155 4933 5138 5297 5101 5574 5204 5114 5094 4588 4319 4193 4193 4480 5143 5378 5069 4753 4815 5050 5133 6013 6796 6356 6273 6209 6195 6732 6335 6044 5956 5953 6647 6508 5898 5196 5306 5981 6301 6622 6443 6628 6231 5598 5526 5858 6102 6209
4006 3361 3694 3262 2977 2698 2691 2856 2908 2962 3009 3043 3504 3084 2923 2867 2733 2733 2733 2733 2733 2784 2978 3090 3251 3315 3622 3651 4060 3833 4176 4602 4600 4447 4797 5046 4711 4873 5399 4915 4939 5333 5325 5987 5524 4809 4336 4166 4160 4202 4394 4501 4729 5045 5735 6010 6186 6641 7016 6431 6374 6572 7080 7040 6179 6091 6120 6415 6283 5608 5414 4951 4912 5549 6194 5798 5579 5460 6077 6280 6388 6610 6867 6879
3829 4024 3961 3653 3042 2750 2893 3427 3274 3099 3029 3078 3071 3513 3515 3386 3202 3318 3235 3095 3088 3092 2965 2965 2965 2965 3088 3292 3585 3597 3876 4157 3986 4534 4708 4543 4585 5025 4868 4690 5315 4998 5052 5731 5638 5062 4633 4119 4119 4129 4870 5143 5499 6149 6590 7040 7202 7635 7366 6685 6490 6504 6607 6789 7032 6499 6382 6461 5594 5318 5011 4805 4820 5065 6081 5445 5348 5235 5298 5777 6354 6675 7492 7599
4158 4101 3580 3186 2800 2780 3093 3899 3661 3503 3325 3094 3144 3187 3767 3938 3737 3832 3739 3322 3758 3368 3393 3435 3203 3061 2965 2965 3072 3213 3523 3676 3758 4137 4369 4274 4586 4379 4228 4686 4735 4735 5344 5121 5063 5148 4615 4146 4079 4142 4796 5457 5854 6067 6446 6785 6992 7254 6787 7002 7201 6921 6547 5953 5795 5886 6269 5995 5585 4996 4806 4728 4723 5365 5585 4840 4817 4865 4985 5429 5902 6387 6424 6956
4511 3965 3459 3096 2865 3130 3561 4219 4093 3838 3594 3353 3203 3196 3377 3823 4223 4207 3927 3778 4106 3679 4031 3322 3685 3569 3274 2965 2965 2965 3045 3209 3452 3696 3893 3909 4145 3770 4203 4558 4377 4669 4832 4709 5132 5258 4731 4079 4022 4069 4607 5182 4915 5038 5877 6583 6660 6338 5727 5796 6282 5918 5279 4851 5001 5095 5019 5081 5115 5473 5154 4687 4646 4788 4931 4776 4814 4824 4984 5536 6057 5834 5797 6532
4343 3813 3363 2916 2884 3224 3753 4152 4579 4307 3918 3600 3236 3252 3266 3523 4028 4505 4491 4409 4284 4259 4059 3545 4098 3716 3778 3582 3261 3151 3005 3010 3010 3221 3279 3512 3624 3748 4163 4084 4071 4476 4386 4503 4739 5053 4695 4230 3958 4020 4520 4424 4628 5278 5767 6319 6075 5370 4757 4711 4943 5610 4923 4756 4710 4664 4653 4796 4995 5272 4835 4608 4616 4621 4654 4708 4734 4907 5809 6047 5275 5221 5174 5575
4317 3735 3101 2974 3273 3629 3674 4160 4674 4360 4114 3682 3577 3314 3316 3334 3934 4401 4641 4705 4755 4716 4215 4158 4522 4196 4284 3762 3650 3668 3445 3164 3105 3010 3153 3231 3318 3413 3652 3622 3923 3930 3912 3960 4372 4640 4666 4087 3898 3978 4207 4594 4634 4861 5582 6141 6066 5177 4585 4530 4777 5116 5501 4994 5008 4618 4602 4610 4991 4740 4543 4564 4597 4689 4823 4740 4932 5457 5844 5259 5487 5069 5101 5413
4065 3552 3103 3255 3965 4316 4498 4415 4616 4671 4291 3889 3869 3345 3355 3347 3699 3976 4145 4356 4801 4956 4584 4536 4778 4572 4150 3787 4068 4166 3680 3388 3612 3441 3127 3127 3216 3277 3341 3405 3522 3476 3614 3997 4163 4292 4378 4225 3820 3940 4565 4913 4979 4806 5013 5654 5388 5023 4426 4530 4806 5196 5621 5728 5104 4780 4585 4545 4511 4495 4510 4540 4847 5274 5807 5462 5799 6284 6459 5464 5023 5039 5114 5245
