test_cases/Hunza_test_case/terrain/hunza_dainyor_bridge_dem.asc
ncols 211
nrows 139
xllcorner 74.0249999999683
yllcorner 35.9249999999593
cellsize 0.0083333333333
NODATA_value -9999
[rows 37 to 73 of 139, columns 0 to 83 of 211]
-9999 -9999 -9999 -9999 -9999 -9999 -9999 -9999 -9999 -9999 5393 5072 5002 4984 4610 4345 4215 4273 4749 5027 4665 4558 4809 4873 4825 4740 4745 5223 5169 4937 5056 5193 5162 4708 4241 3805 3774 3757 3831 4111 4482 4214 4173 3993 3876 3939 3939 4459 4782 4735 5140 5606 5188 5050 4982 4911 5213 5100 5232 5119 5093 5084 4853 4448 4730 4721 4845 4624 4601 4712 4903 4862 4653 4770 4169 4006 3907 4066 3801 3213 3075 3404 3765 4341
-9999 -9999 -9999 -9999 -9999 -9999 -9999 -9999 -9999 -9999 5100 4897 4812 4629 4464 4336 4265 4275 4579 4856 4786 4748 5114 5526 4959 4805 4884 4969 5389 5112 4990 4858 4861 4493 3939 3817 3801 3822 4262 4366 4675 4605 4449 4402 4073 3981 3990 4037 4226 4503 4741 5031 5366 5252 5166 5106 5208 5280 5608 5430 5322 5069 4920 4999 4874 4902 5010 5130 4928 4900 4935 5288 5612 4749 4349 4588 4403 4486 4033 3537 3174 3075 3346 3747
-9999 -9999 -9999 -9999 -9999 -9999 -9999 -9999 -9999 -9999 5467 4931 4877 4666 4614 4591 4551 4382 4567 5271 5341 4975 5095 5613 5897 5467 5561 5518 5179 4941 4954 4857 4559 4053 3884 3862 3924 4330 4378 4792 4945 4761 4593 4462 4311 4033 4030 4070 4358 4451 4570 4710 4856 5162 5147 4989 4838 5160 5106 4843 4666 4711 4501 4551 4372 4451 4385 4195 4198 4158 4230 4622 5069 5331 4997 4955 5011 4602 4018 3884 3541 3120 3075 3618
-9999 -9999 -9999 -9999 -9999 -9999 -9999 -9999 -9999 -9999 6073 5871 5509 5227 5324 5117 4707 4524 4615 4860 5030 5213 5380 5585 5454 5212 4843 4723 4808 4703 4758 4609 4112 3929 3934 3925 4294 4282 4777 5037 5221 5450 5247 4972 4635 4117 4107 4254 4538 4691 4774 4912 5238 5180 4919 4773 4648 4665 4548 4453 4437 4359 4305 4261 4218 4218 4155 4155 4155 4063 3934 3934 4217 4649 4407 4875 4689 4251 3991 3536 3120 3217 3075 3280
-9999 -9999 -9999 -9999 -9999 -9999 -9999 -9999 -9999 5696 5193 4908 4874 4892 4809 4693 4646 4574 4602 4665 4844 5124 5298 5718 5721 5271 5015 4635 4405 4488 4491 4303 3985 3995 3992 4322 4708 4859 4651 4847 5411 5189 4901 4744 4381 4318 4153 4173 4309 4497 4530 4644 4799 5174 5188 5219 4809 4604 4660 4828 4867 4764 4835 4538 4443 4728 4336 4350 4664 4424 4626 4280 3737 3815 4202 4262 4032 3839 3510 3165 3349 3536 3102 3075
-9999 -9999 -9999 -9999 -9999 -9999 -9999 -9999 -9999 5974 5605 5312 4887 4823 4771 4783 4993 5102 4852 4669 4711 5004 5007 5706 5637 5265 4677 4338 4264 4187 4104 4025 4017 3987 4271 4508 4741 5021 5563 5415 5190 5128 5022 4854 4746 4534 4187 4197 4560 4836 5134 5142 4878 4923 5126 5004 4792 4790 5105 5273 4976 4999 4855 4798 4659 4785 4416 4620 4936 5182 5060 4437 3761 3737 3520 3485 3433 3433 3433 3531 3924 3889 3482 3189
-9999 -9999 -9999 -9999 -9999 -9999 -9999 -9999 -9999 -9999 -9999 -9999 -9999 -9999 -9999 5574 -9999 5794 5704 5155 4760 4806 5463 6005 5663 5143 4678 4536 4949 4463 4220 4065 4069 4226 4615 4981 5345 5314 5318 5524 5501 5628 5467 5304 5259 4803 4396 4245 4353 4617 4765 4968 5542 5679 5537 4937 4966 4939 5247 5331 5147 5211 5000 4809 4813 4785 4664 4997 5323 4878 4656 4210 4207 4544 3776 3585 3999 3843 4364 4523 4385 4160 3858 3247
-9999 -9999 -9999 -9999 -9999 -9999 -9999 -9999 -9999 -9999 -9999 -9999 -9999 -9999 -9999 -9999 -9999 -9999 -9999 5744 6051 6048 5693 5356 5782 5784 5286 5043 5026 4499 4220 4108 4071 4194 4302 4486 4937 5005 5062 5384 5321 5183 5363 5420 4940 4783 4427 4295 4403 5218 4942 5187 5989 5605 5427 5594 5244 5504 5248 5620 5416 5470 5314 4943 5046 5159 4870 4921 5229 4905 4762 4768 4948 4256 4270 3931 4525 4456 4432 4876 4461 4297 3754 3291
-9999 -9999 -9999 -9999 -9999 -9999 -9999 -9999 -9999 -9999 -9999 -9999 -9999 -9999 -9999 -9999 -9999 -9999 -9999 -9999 5334 5167 4833 5069 5176 4858 5042 4749 4880 4535 4153 4150 4182 4765 4945 4548 4626 4753 4876 5332 5154 5030 5015 5037 4811 4656 4388 4330 4542 4818 4969 5334 5766 5192 5390 5705 5376 5045 5043 5269 5184 5596 5458 5145 5494 5477 5127 5211 5265 4945 5115 5341 5099 4289 4654 4142 4682 4900 4737 4868 4309 3817 3574 3508
-9999 -9999 -9999 -9999 -9999 -9999 -9999 -9999 -9999 -9999 -9999 -9999 -9999 -9999 -9999 -9999 -9999 -9999 -9999 -9999 5501 5052 4636 4586 4493 4474 4387 4427 4308 4233 4209 4192 4321 4825 5107 5336 5236 5042 5497 5396 5346 5033 4794 4701 4573 4460 4418 4383 4505 4711 4853 5238 5075 5062 5048 5404 5919 5448 4847 4805 5183 5252 5244 5453 5406 5637 5671 5337 5372 5376 5169 5049 4757 4649 4830 4570 4965 5471 5006 4769 4694 4069 3556 3867
-9999 -9999 -9999 -9999 -9999 -9999 -9999 -9999 -9999 -9999 -9999 -9999 -9999 -9999 -9999 -9999 -9999 -9999 -9999 5569 5202 4919 4750 4579 4456 4422 4362 4311 4287 4264 4218 4222 4276 4340 4606 4833 5319 6114 5688 5117 4995 4843 4736 4643 4559 4646 4630 4473 4476 4549 4609 5141 4891 4749 4728 4940 5164 5242 5080 4569 4907 5008 5242 5011 5167 5528 5515 5316 5107 5223 5259 4928 4841 4937 4707 4708 5020 5196 4942 4811 4184 3763 3677 4522
-9999 -9999 -9999 -9999 -9999 -9999 -9999 -9999 -9999 -9999 -9999 -9999 -9999 -9999 -9999 -9999 -9999 -9999 -9999 -9999 5764 5596 6069 5675 5163 5440 5594 4773 4735 4375 4441 4828 4482 4354 4455 5267 5406 5356 5866 5571 5612 5236 5103 5054 5211 5628 5678 5544 5321 5140 5150 5398 5005 4894 4627 4527 4472 4646 4727 4448 4672 4841 4796 4961 5400 5367 5355 5100 5040 4910 4907 5011 5243 5265 4869 4817 4974 5205 4768 4378 4116 3801 3904 4470
-9999 -9999 -9999 -9999 -9999 -9999 -9999 -9999 -9999 -9999 -9999 -9999 -9999 -9999 -9999 -9999 -9999 -9999 -9999 -9999 -9999 -9999 -9999 -9999 5708 -9999 5984 5845 5238 4666 4516 4878 4958 4426 4443 4767 5050 5231 5164 5406 5898 6126 5897 6039 5897 5631 6057 6731 6462 6423 6349 6486 5849 5382 5275 4881 4364 4211 4176 4272 4407 4669 4974 5253 5331 5317 5051 5178 4853 4710 4604 4761 5037 5119 5223 5261 5337 5338 4832 4483 4045 4057 4392 5052
-9999 -9999 -9999 -9999 -9999 -9999 -9999 -9999 -9999 -9999 -9999 -9999 -9999 -9999 -9999 -9999 -9999 -9999 -9999 -9999 -9999 -9999 -9999 -9999 -9999 -9999 -9999 -9999 5351 4992 5043 5761 5151 4639 4497 4621 4779 4810 5117 5392 6161 5542 5265 5293 5446 5678 6132 6777 6134 5576 5351 5673 5665 4636 4570 4366 4292 4266 4139 4097 4268 4515 4794 4942 5297 5081 4851 5216 5236 5030 4596 4454 4665 4706 4849 4967 5084 5302 4873 4467 4261 4303 4773 4891
-9999 -9999 -9999 -9999 -9999 -9999 -9999 -9999 -9999 -9999 -9999 -9999 -9999 -9999 -9999 -9999 -9999 -9999 -9999 -9999 -9999 -9999 -9999 -9999 -9999 -9999 -9999 -9999 -9999 5651 5167 4938 4772 4628 4600 4601 4678 4822 5297 5797 6596 5978 5217 5196 5403 5512 6166 6860 6200 5160 4870 4784 4811 4501 4402 4363 4492 4800 4425 4054 4008 4260 4700 5246 5077 4949 4649 4972 5331 4804 4515 4327 4563 4808 5134 5546 5731 5307 4734 4498 4456 4873 5437 5250
-9999 -9999 -9999 -9999 -9999 -9999 -9999 -9999 -9999 -9999 -9999 -9999 -9999 -9999 -9999 -9999 -9999 -9999 -9999 -9999 -9999 -9999 -9999 -9999 -9999 -9999 -9999 -9999 -9999 -9999 5782 5499 5186 5014 4979 5202 5944 5985 6124 6601 6779 6250 5323 5091 5129 5328 5642 6255 6498 5879 5223 4801 4642 4581 5189 5356 5142 4766 4417 4051 3961 4168 4693 5251 5460 4809 4503 4909 5273 4758 4321 4351 4960 5233 5525 5298 5559 5517 5262 4892 4837 5201 5633 5068
-9999 -9999 -9999 -9999 -9999 -9999 -9999 -9999 -9999 -9999 -9999 -9999 -9999 -9999 -9999 -9999 -9999 -9999 -9999 -9999 -9999 -9999 -9999 -9999 -9999 -9999 -9999 -9999 -9999 -9999 -9999 -9999 5532 6110 6393 6113 6262 5961 6090 6791 6658 6366 5814 5036 4996 5259 5944 5931 6031 6353 6331 6019 5391 5702 5434 5185 5266 4938 4501 4098 3889 4133 4714 4630 5025 4679 4298 4686 5313 4766 4408 4191 4771 4793 4981 4940 4856 5070 5238 5388 5248 5283 5624 5176
-9999 -9999 -9999 -9999 -9999 -9999 -9999 -9999 -9999 -9999 -9999 -9999 -9999 -9999 -9999 -9999 -9999 -9999 -9999 -9999 -9999 -9999 -9999 -9999 -9999 -9999 -9999 -9999 -9999 -9999 -9999 -9999 -9999 -9999 -9999 6430 5926 5863 5682 5887 5822 5869 5446 5359 4901 4921 5459 5272 5557 5768 5397 5409 5113 5133 4966 4864 4966 4577 4633 4078 3831 4148 4352 4240 4464 4242 4168 4470 4752 4589 4044 4059 4278 4512 4601 4558 4885 4706 4905 4824 4967 5161 5535 4992
-9999 -9999 -9999 -9999 -9999 -9999 -9999 -9999 -9999 -9999 -9999 -9999 -9999 -9999 -9999 -9999 -9999 -9999 -9999 -9999 -9999 -9999 -9999 -9999 -9999 -9999 -9999 -9999 -9999 -9999 -9999 -9999 -9999 -9999 6672 6616 6475 5747 5535 5361 5290 5511 5311 5224 4777 4810 5220 5082 5206 5580 5673 4999 4895 4681 4678 4728 4457 4322 4060 3854 3765 3760 3891 3976 4009 3778 4025 4213 4312 3892 3892 3975 4049 4243 4320 4375 4432 4505 4584 4810 4865 4935 5252 5197
-9999 -9999 -9999 -9999 -9999 -9999 -9999 -9999 -9999 -9999 -9999 -9999 -9999 -9999 -9999 -9999 -9999 -9999 -9999 -9999 -9999 -9999 -9999 -9999 -9999 -9999 -9999 -9999 -9999 -9999 -9999 -9999 -9999 6274 5885 5747 5603 6022 6045 5334 5008 4905 4843 4779 4735 4778 4916 4950 5329 5160 5399 5010 4508 4403 4362 4196 4081 3865 3785 3773 3756 3747 3719 3684 3663 3645 3666 3786 3757 3925 4645 4769 4731 4644 4851 4883 4531 4511 4584 4661 4893 5489 4969 4844
-9999 -9999 -9999 -9999 -9999 -9999 -9999 -9999 -9999 -9999 -9999 -9999 -9999 -9999 -9999 -9999 -9999 -9999 -9999 -9999 -9999 -9999 -9999 -9999 -9999 -9999 -9999 -9999 -9999 -9999 -9999 -9999 5813 5623 5433 5371 5317 5255 5232 5103 5051 4967 5103 4782 4614 4590 4655 5149 4800 4736 4965 4633 4357 4032 3912 3876 3856 3821 3799 3774 3762 3720 3689 3683 3656 3641 3647 3621 3641 3876 4526 4556 4656 4745 5418 4825 5168 5726 5286 5380 5551 5081 4638 4591
-9999 -9999 -9999 -9999 -9999 -9999 -9999 -9999 -9999 -9999 -9999 -9999 -9999 -9999 -9999 -9999 -9999 -9999 -9999 -9999 -9999 -9999 -9999 -9999 -9999 -9999 -9999 -9999 -9999 -9999 -9999 5547 5419 5528 5942 5860 5587 5361 5161 5110 5066 5164 4867 4728 4494 4494 4359 4275 4230 4339 4446 4254 3984 3953 3934 3891 3844 3831 3838 3885 4420 4872 4291 3863 3716 3662 3636 3612 3588 3585 3762 4216 4382 4983 4657 4749 5156 5364 5009 5139 5193 5051 4743 4350
-9999 -9999 -9999 -9999 -9999 -9999 -9999 -9999 -9999 -9999 -9999 -9999 -9999 -9999 -9999 -9999 -9999 -9999 -9999 -9999 -9999 -9999 -9999 -9999 5680 5249 5270 5339 5459 5354 5109 4942 4994 5113 5365 6263 6390 6281 6030 5876 5966 6150 5467 4786 4513 4446 4358 4307 4218 4151 4129 4070 4024 3970 4188 4506 4400 3891 3890 4134 4804 5244 4518 4579 4216 4063 3778 3577 3573 3565 3549 3750 3997 4382 4132 4623 5276 4605 4552 4699 5149 4874 5101 4899
-9999 -9999 -9999 -9999 -9999 -9999 -9999 -9999 -9999 -9999 -9999 -9999 -9999 -9999 -9999 -9999 -9999 -9999 -9999 -9999 -9999 -9999 -9999 5899 5141 4896 4759 4694 4807 4680 4728 4833 5249 5765 5989 5642 5317 5204 5098 5083 5194 5498 5917 5314 5159 4815 4597 4749 4544 4281 4112 4080 4130 4334 4510 5010 4358 3992 3965 4146 4553 5070 5466 5504 5054 4715 4332 3734 3557 3533 3543 3485 3585 3872 4134 4600 4717 4224 4075 4274 4936 4664 4490 4744
-9999 -9999 -9999 -9999 -9999 -9999 -9999 -9999 -9999 -9999 -9999 -9999 -9999 -9999 -9999 -9999 -9999 -9999 -9999 -9999 -9999 -9999 -9999 5599 5462 4961 4546 4453 4442 4545 5168 5741 6212 5530 5430 5233 4785 4791 4721 4811 4981 5848 6674 6404 6223 5745 5621 5452 4935 4742 4585 4763 4623 5021 5585 5096 4555 4320 4100 4217 4590 5267 5591 5256 5317 5119 4725 4170 3587 3553 3511 3500 3467 3602 3833 4225 4210 3834 4090 4591 4495 4260 4118 4507
-9999 -9999 -9999 -9999 -9999 -9999 -9999 -9999 -9999 -9999 -9999 -9999 -9999 -9999 -9999 -9999 -9999 -9999 -9999 -9999 5465 5186 4981 5158 5215 5352 4697 4358 4274 4801 4876 5527 5480 5511 5088 4975 4652 4492 4473 5011 5548 6477 6321 6093 5733 5733 6237 5518 5560 5679 5769 5681 5599 5800 5716 5532 4881 4752 4980 5369 5526 5858 5137 4865 4758 4602 4390 3982 3743 3941 3472 3479 3471 3434 3544 3843 3898 3643 4061 4219 4138 3883 3806 3961
-9999 -9999 -9999 -9999 -9999 -9999 -9999 -9999 -9999 -9999 -9999 -9999 -9999 -9999 -9999 -9999 -9999 -9999 -9999 5667 5215 4621 4535 4643 4652 4795 5087 4569 4004 4098 4578 5214 4978 4907 5062 4814 4240 4275 4507 5097 5507 5442 4945 4976 4784 4778 5229 6532 6757 6230 6517 6739 5988 5740 5666 5431 5223 5248 5377 5522 5651 5740 4964 4709 4495 4445 4468 4594 4683 4771 4169 3448 3428 3425 3405 3371 3371 3368 3387 3504 3677 3519 3407 3384
-9999 -9999 -9999 -9999 -9999 -9999 -9999 -9999 -9999 -9999 -9999 -9999 -9999 -9999 -9999 -9999 -9999 -9999 -9999 5454 4943 4456 4208 4309 4290 4419 4637 4829 4203 3888 4035 4511 4632 4489 4701 4356 4148 4374 5077 5487 4747 4609 4349 4382 4404 4474 5069 6626 5859 5409 5508 6314 6699 6502 6357 6219 5983 5720 5763 5515 5619 5791 5729 5381 5009 5242 5498 5105 4725 4266 3929 3521 3431 3420 3397 3404 3357 3328 3325 3313 3278 3268 3240 3220
-9999 -9999 -9999 -9999 -9999 -9999 -9999 -9999 -9999 -9999 -9999 -9999 -9999 -9999 -9999 -9999 -9999 -9999 -9999 5193 4649 4143 4060 3930 3842 4068 4162 4137 4224 3944 3762 3847 4068 4111 4005 4004 4075 4551 5162 4841 4534 4346 4207 4256 4317 4605 5217 6004 5312 4923 4982 5490 6148 6918 7243 6994 6837 6970 6992 6696 6537 6343 6519 6246 5947 5621 5551 5015 4435 4144 3798 3550 3481 3481 3384 3373 3356 3353 3329 3308 3281 3267 3251 3224
-9999 -9999 -9999 -9999 -9999 -9999 -9999 -9999 -9999 -9999 -9999 -9999 -9999 -9999 -9999 -9999 -9999 -9999 -9999 5432 4760 4446 4514 4099 3784 3679 3586 3606 3554 3654 3687 3750 3810 3887 3997 4077 4418 5021 4803 4619 4372 4126 4157 4295 4982 5710 5999 5549 5016 4759 4609 4781 5372 6017 6796 7090 7456 7544 7161 6935 6711 6248 6109 5880 5571 5369 5139 4780 4481 4146 3711 3632 3537 3594 3967 3520 3348 3333 3349 3302 3280 3313 3257 3194
-9999 -9999 -9999 -9999 -9999 -9999 -9999 -9999 -9999 -9999 -9999 -9999 -9999 -9999 -9999 5685 4982 5025 5289 5088 4930 4732 4599 4408 4153 3997 3439 3488 3561 3608 3713 4219 4431 4518 4806 5056 5342 5090 4551 4256 4056 4106 4244 4631 5274 5664 5529 5103 4552 4400 4475 4619 4958 5350 5778 5985 6628 7486 7462 7112 7030 6518 6127 5831 5579 5437 5153 4760 4531 4311 3968 3931 3929 4074 4470 3847 3619 3669 3438 3466 3812 3791 3837 3625
-9999 -9999 -9999 -9999 -9999 -9999 -9999 -9999 -9999 -9999 -9999 5620 5119 5017 5124 5028 4823 4878 4827 4844 4673 4517 4650 4443 4058 3414 3418 3861 4127 4215 4193 4274 4608 5169 5590 5000 4932 4667 4237 3956 4010 4277 4790 5504 5531 4913 4777 4828 4568 4299 4459 4780 5069 4905 4779 5278 6110 6938 7530 7606 7286 6662 6581 6342 5956 5789 5431 4947 4688 4588 4359 4297 4462 4392 4731 4299 4447 3920 4040 3931 4417 4439 4250 4163
-9999 -9999 -9999 -9999 -9999 -9999 -9999 -9999 -9999 -9999 -9999 5196 4913 4814 4803 4694 4750 4766 4694 4570 4464 4252 4027 3938 3438 3323 3547 4103 4498 4780 4742 4936 5266 5145 5078 4680 4445 4382 3998 3912 4137 4755 5333 5800 5098 4706 4540 4469 4381 4209 4394 4843 4716 4506 4591 5059 5691 6253 6471 6826 6946 7341 7059 7307 6716 6369 5679 5359 5326 5282 4673 4635 4979 5185 5432 5442 5090 4844 4827 4793 4746 4959 4720 4496
-9999 -9999 -9999 -9999 -9999 -9999 -9999 -9999 -9999 -9999 -9999 5570 5116 4838 4656 4576 4609 4560 4480 4270 4091 3726 3533 3305 3216 3244 3345 3725 4016 4351 4827 4829 4581 4587 5024 4511 4254 4185 3849 3838 3939 4569 5221 5328 5551 5398 5181 4714 4205 4143 4107 4304 4337 4305 4760 5397 5839 5994 5878 5693 6143 6632 6471 6700 7125 6810 6402 6450 6307 5862 5467 5398 5668 6072 6370 6395 6061 5771 5892 5932 5471 5509 5304 4913
-9999 -9999 -9999 -9999 -9999 -9999 -9999 -9999 -9999 -9999 -9999 5712 5129 4874 4680 4430 4244 4099 4269 3826 3559 3490 3436 3521 3343 3148 3137 3340 3920 4292 4592 4614 4348 4265 4669 4855 4692 4567 4087 3747 3774 4239 4772 4608 5152 5476 5478 5310 4438 4095 4086 4139 4189 4288 4703 5330 5771 5455 5248 5261 5474 5849 5776 5745 5682 6065 6895 7430 7331 7051 6830 6680 6747 6831 6787 6266 5889 5251 5139 5133 5095 4973 4518 4347
-9999 -9999 -9999 -9999 -9999 -9999 -9999 -9999 -9999 -9999 -9999 5451 5176 5025 4799 4563 4417 4151 3849 3710 3870 3896 3963 4111 3688 3346 3090 3151 3526 3945 4316 4164 4065 4104 4308 4738 4705 4490 4297 3640 3606 3881 4227 4190 4805 5024 4583 4534 4163 4031 4034 4785 4881 5000 5176 5661 5284 4896 4701 4735 4972 5510 5154 5129 5093 5348 5821 6364 6761 7166 7116 6938 6830 6766 6706 6703 5837 5399 5136 5038 5016 4740 4482 4359
-9999 -9999 -9999 -9999 -9999 -9999 -9999 -9999 -9999 -9999 5529 5334 5173 4933 4690 4425 4144 3972 4052 4144 4259 4486 4526 4461 4130 3591 3185 3090 3269 3642 3740 3592 3620 3816 4008 4376 4217 3789 3598 3472 3485 3505 3665 3988 4401 4907 4662 4139 3950 3978 4050 4402 5134 6022 5677 5381 5179 4429 4200 4625 4860 5207 4808 4506 4718 4880 5278 6234 6047 5991 6084 6176 6175 6508 6360 6182 5717 5493 5261 5028 4943 4893 4688 4578
